 6000.000  1.021103e-02
 6002.000  1.020423e-02
 6004.000  1.024070e-02
 6006.000  1.023389e-02
 6008.000  1.026677e-02
 6010.000  1.031914e-02
 6012.000  1.031227e-02
 6014.000  1.034864e-02
 6016.000  1.034176e-02
 6018.000  1.034361e-02
 6020.000  1.033674e-02
 6022.000  1.033972e-02
 6024.000  1.033285e-02
 6026.000  1.034555e-02
 6028.000  1.039788e-02
 6030.000  1.039098e-02
 6032.000  1.043244e-02
 6034.000  1.042553e-02
 6036.000  1.046139e-02
 6038.000  1.045446e-02
 6040.000  1.048789e-02
 6042.000  1.048095e-02
 6044.000  1.051358e-02
 6046.000  1.054575e-02
 6048.000  1.053878e-02
 6050.000  1.057913e-02
 6052.000  1.057214e-02
 6054.000  1.058300e-02
 6056.000  1.057601e-02
 6058.000  1.058889e-02
 6060.000  1.058191e-02
 6062.000  1.061003e-02
 6064.000  1.060303e-02
 6066.000  1.064574e-02
 6068.000  1.068706e-02
 6070.000  1.068002e-02
 6072.000  1.069805e-02
 6074.000  1.069100e-02
 6076.000  1.071558e-02
 6078.000  1.070853e-02
 6080.000  1.071364e-02
 6082.000  1.070659e-02
 6084.000  1.071504e-02
 6086.000  1.070800e-02
 6088.000  1.074702e-02
 6090.000  1.073996e-02
 6092.000  1.073597e-02
 6094.000  1.079114e-02
 6096.000  1.078406e-02
 6098.000  1.080719e-02
 6100.000  1.080011e-02
 6102.000  1.084711e-02
 6104.000  1.084000e-02
 6106.000  1.089579e-02
 6108.000  1.088866e-02
 6110.000  1.091073e-02
 6112.000  1.090359e-02
 6114.000  1.093818e-02
 6116.000  1.093102e-02
 6118.000  1.095000e-02
 6120.000  1.095185e-02
 6122.000  1.094470e-02
 6124.000  1.095010e-02
 6126.000  1.094295e-02
 6128.000  1.096657e-02
 6130.000  1.095942e-02
 6132.000  1.098004e-02
 6134.000  1.097288e-02
 6136.000  1.101586e-02
 6138.000  1.100869e-02
 6140.000  1.107001e-02
 6142.000  1.106280e-02
 6144.000  1.110069e-02
 6146.000  1.109346e-02
 6148.000  1.108452e-02
 6150.000  1.107731e-02
 6152.000  1.110342e-02
 6154.000  1.116588e-02
 6156.000  1.115862e-02
 6158.000  1.121175e-02
 6160.000  1.120447e-02
 6162.000  1.121823e-02
 6164.000  1.121095e-02
 6166.000  1.120694e-02
 6168.000  1.119967e-02
 6170.000  1.122757e-02
 6172.000  1.122029e-02
 6174.000  1.124716e-02
 6176.000  1.123987e-02
 6178.000  1.128589e-02
 6180.000  1.127859e-02
 6182.000  1.132996e-02
 6184.000  1.132263e-02
 6186.000  1.136153e-02
 6188.000  1.135419e-02
 6190.000  1.136420e-02
 6192.000  1.136494e-02
 6194.000  1.135761e-02
 6196.000  1.137900e-02
 6198.000  1.137165e-02
 6200.000  1.139022e-02
 6202.000  1.138287e-02
 6204.000  1.137112e-02
 6206.000  1.136379e-02
 6208.000  1.142258e-02
 6210.000  1.141523e-02
 6212.000  1.149403e-02
 6214.000  1.148663e-02
 6216.000  1.146019e-02
 6218.000  1.145281e-02
 6220.000  1.152605e-02
 6222.000  1.151865e-02
 6224.000  1.152250e-02
 6226.000  1.151510e-02
 6228.000  1.148072e-02
 6230.000  1.147335e-02
 6232.000  1.151676e-02
 6234.000  1.150937e-02
 6236.000  1.161096e-02
 6238.000  1.160352e-02
 6240.000  1.160251e-02
 6242.000  1.159508e-02
 6244.000  1.164522e-02
 6246.000  1.163777e-02
 6248.000  1.160653e-02
 6250.000  1.160089e-02
 6252.000  1.159347e-02
 6254.000  1.162848e-02
 6256.000  1.162104e-02
 6258.000  1.166763e-02
 6260.000  1.166018e-02
 6262.000  1.175709e-02
 6264.000  1.174958e-02
 6266.000  1.175876e-02
 6268.000  1.175126e-02
 6270.000  1.184062e-02
 6272.000  1.183307e-02
 6274.000  1.177130e-02
 6276.000  1.176380e-02
 6278.000  1.180126e-02
 6280.000  1.179375e-02
 6282.000  1.184504e-02
 6284.000  1.183750e-02
 6286.000  1.186461e-02
 6288.000  1.185707e-02
 6290.000  1.190791e-02
 6292.000  1.190034e-02
 6294.000  1.186363e-02
 6296.000  1.185610e-02
 6298.000  1.190783e-02
 6300.000  1.190027e-02
 6302.000  1.192422e-02
 6304.000  1.191665e-02
 6306.000  1.193865e-02
 6308.000  1.193108e-02
 6310.000  1.196408e-02
 6312.000  1.195650e-02
 6314.000  1.202595e-02
 6316.000  1.201834e-02
 6318.000  1.205096e-02
 6320.000  1.204334e-02
 6322.000  1.206158e-02
 6324.000  1.205395e-02
 6326.000  1.209953e-02
 6328.000  1.209188e-02
 6330.000  1.214097e-02
 6332.000  1.213330e-02
 6334.000  1.219594e-02
 6336.000  1.218824e-02
 6338.000  1.223789e-02
 6340.000  1.223017e-02
 6342.000  1.227751e-02
 6344.000  1.226978e-02
 6346.000  1.229841e-02
 6348.000  1.229066e-02
 6350.000  1.230025e-02
 6352.000  1.229251e-02
 6354.000  1.229861e-02
 6356.000  1.229088e-02
 6358.000  1.231553e-02
 6360.000  1.230778e-02
 6362.000  1.235622e-02
 6364.000  1.234846e-02
 6366.000  1.240871e-02
 6368.000  1.240092e-02
 6370.000  1.245175e-02
 6372.000  1.244393e-02
 6374.000  1.245144e-02
 6376.000  1.244363e-02
 6378.000  1.244078e-02
 6380.000  1.243298e-02
 6382.000  1.246311e-02
 6384.000  1.245530e-02
 6386.000  1.251808e-02
 6388.000  1.251024e-02
 6390.000  1.255079e-02
 6392.000  1.254293e-02
 6394.000  1.255274e-02
 6396.000  1.254490e-02
 6398.000  1.258232e-02
 6400.000  1.257446e-02
 6402.000  1.256660e-02
 6404.000  1.261521e-02
 6406.000  1.260734e-02
 6408.000  1.265371e-02
 6410.000  1.264582e-02
 6412.000  1.267544e-02
 6414.000  1.266754e-02
 6416.000  1.270943e-02
 6418.000  1.270151e-02
 6420.000  1.273164e-02
 6422.000  1.272372e-02
 6424.000  1.273343e-02
 6426.000  1.272551e-02
 6428.000  1.276542e-02
 6430.000  1.275748e-02
 6432.000  1.279439e-02
 6434.000  1.278644e-02
 6436.000  1.280526e-02
 6438.000  1.279730e-02
 6440.000  1.281962e-02
 6442.000  1.281167e-02
 6444.000  1.282001e-02
 6446.000  1.281205e-02
 6448.000  1.288034e-02
 6450.000  1.287236e-02
 6452.000  1.291098e-02
 6454.000  1.290298e-02
 6456.000  1.288924e-02
 6458.000  1.288126e-02
 6460.000  1.291186e-02
 6462.000  1.290387e-02
 6464.000  1.289588e-02
 6466.000  1.295137e-02
 6468.000  1.294336e-02
 6470.000  1.300414e-02
 6472.000  1.299611e-02
 6474.000  1.302746e-02
 6476.000  1.301942e-02
 6478.000  1.306354e-02
 6480.000  1.305547e-02
 6482.000  1.308090e-02
 6484.000  1.307283e-02
 6486.000  1.310212e-02
 6488.000  1.309404e-02
 6490.000  1.313349e-02
 6492.000  1.312540e-02
 6494.000  1.315190e-02
 6496.000  1.314381e-02
 6498.000  1.318305e-02
 6500.000  1.317494e-02
 6502.000  1.319013e-02
 6504.000  1.318202e-02
 6506.000  1.317392e-02
 6508.000  1.319246e-02
 6510.000  1.318435e-02
 6512.000  1.323993e-02
 6514.000  1.323180e-02
 6516.000  1.326484e-02
 6518.000  1.325670e-02
 6520.000  1.330748e-02
 6522.000  1.329932e-02
 6524.000  1.330692e-02
 6526.000  1.329876e-02
 6528.000  1.333854e-02
 6530.000  1.333037e-02
 6532.000  1.333333e-02
 6534.000  1.332517e-02
 6536.000  1.336235e-02
 6538.000  1.335417e-02
 6540.000  1.334601e-02
 6542.000  1.339511e-02
 6544.000  1.338692e-02
 6546.000  1.343082e-02
 6548.000  1.342261e-02
 6550.000  1.345614e-02
 6552.000  1.344793e-02
 6554.000  1.350075e-02
 6556.000  1.349251e-02
 6558.000  1.350354e-02
 6560.000  1.349530e-02
 6562.000  1.353308e-02
 6564.000  1.352483e-02
 6566.000  1.357256e-02
 6568.000  1.356429e-02
 6570.000  1.355604e-02
 6572.000  1.358569e-02
 6574.000  1.357743e-02
 6576.000  1.360719e-02
 6578.000  1.359891e-02
 6580.000  1.362310e-02
 6582.000  1.361482e-02
 6584.000  1.364701e-02
 6586.000  1.363872e-02
 6588.000  1.367517e-02
 6590.000  1.366688e-02
 6592.000  1.372184e-02
 6594.000  1.371352e-02
 6596.000  1.370520e-02
 6598.000  1.373196e-02
 6600.000  1.372364e-02
 6602.000  1.373260e-02
 6604.000  1.372428e-02
 6606.000  1.374896e-02
 6608.000  1.374064e-02
 6610.000  1.379977e-02
 6612.000  1.379143e-02
 6614.000  1.380566e-02
 6616.000  1.379732e-02
 6618.000  1.378898e-02
 6620.000  1.384711e-02
 6622.000  1.383875e-02
 6624.000  1.387300e-02
 6626.000  1.386463e-02
 6628.000  1.389514e-02
 6630.000  1.388676e-02
 6632.000  1.393535e-02
 6634.000  1.392695e-02
 6636.000  1.395961e-02
 6638.000  1.395120e-02
 6640.000  1.394280e-02
 6642.000  1.398495e-02
 6644.000  1.397653e-02
 6646.000  1.398823e-02
 6648.000  1.397981e-02
 6650.000  1.398960e-02
 6652.000  1.398119e-02
 6654.000  1.403448e-02
 6656.000  1.402605e-02
 6658.000  1.405479e-02
 6660.000  1.404635e-02
 6662.000  1.403791e-02
 6664.000  1.406965e-02
 6666.000  1.406121e-02
 6668.000  1.410849e-02
 6670.000  1.410004e-02
 6672.000  1.414650e-02
 6674.000  1.413802e-02
 6676.000  1.416780e-02
 6678.000  1.415932e-02
 6680.000  1.415084e-02
 6682.000  1.419949e-02
 6684.000  1.419099e-02
 6686.000  1.421026e-02
 6688.000  1.420176e-02
 6690.000  1.419678e-02
 6692.000  1.418830e-02
 6694.000  1.422372e-02
 6696.000  1.421523e-02
 6698.000  1.424435e-02
 6700.000  1.423585e-02
 6702.000  1.422735e-02
 6704.000  1.429810e-02
 6706.000  1.428957e-02
 6708.000  1.434149e-02
 6710.000  1.433294e-02
 6712.000  1.437380e-02
 6714.000  1.436524e-02
 6716.000  1.437113e-02
 6718.000  1.436257e-02
 6720.000  1.435403e-02
 6722.000  1.441568e-02
 6724.000  1.440711e-02
 6726.000  1.441739e-02
 6728.000  1.440882e-02
 6730.000  1.439345e-02
 6732.000  1.438490e-02
 6734.000  1.437635e-02
 6736.000  1.439063e-02
 6738.000  1.438209e-02
 6740.000  1.440587e-02
 6742.000  1.439732e-02
 6744.000  1.445704e-02
 6746.000  1.444847e-02
 6748.000  1.455168e-02
 6750.000  1.454306e-02
 6752.000  1.453444e-02
 6754.000  1.451404e-02
 6756.000  1.450544e-02
 6758.000  1.447880e-02
 6760.000  1.447023e-02
 6762.000  1.454205e-02
 6764.000  1.453345e-02
 6766.000  1.460965e-02
 6768.000  1.460102e-02
 6770.000  1.459239e-02
 6772.000  1.468531e-02
 6774.000  1.467664e-02
 6776.000  1.469209e-02
 6778.000  1.468342e-02
 6780.000  1.472816e-02
 6782.000  1.471947e-02
 6784.000  1.471079e-02
 6786.000  1.477826e-02
 6788.000  1.476955e-02
 6790.000  1.479472e-02
 6792.000  1.478601e-02
 6794.000  1.481607e-02
 6796.000  1.480735e-02
 6798.000  1.479864e-02
 6800.000  1.479161e-02
 6802.000  1.478291e-02
 6804.000  1.477702e-02
 6806.000  1.476833e-02
 6808.000  1.478052e-02
 6810.000  1.477184e-02
 6812.000  1.483359e-02
 6814.000  1.482488e-02
 6816.000  1.481619e-02
 6818.000  1.489282e-02
 6820.000  1.488409e-02
 6822.000  1.495663e-02
 6824.000  1.494787e-02
 6826.000  1.499244e-02
 6828.000  1.498365e-02
 6830.000  1.497488e-02
 6832.000  1.496096e-02
 6834.000  1.495221e-02
 6836.000  1.495514e-02
 6838.000  1.494639e-02
 6840.000  1.496506e-02
 6842.000  1.495631e-02
 6844.000  1.494757e-02
 6846.000  1.503077e-02
 6848.000  1.502199e-02
 6850.000  1.510721e-02
 6852.000  1.509839e-02
 6854.000  1.508959e-02
 6856.000  1.513810e-02
 6858.000  1.512928e-02
 6860.000  1.516976e-02
 6862.000  1.516091e-02
 6864.000  1.519494e-02
 6866.000  1.518609e-02
 6868.000  1.517725e-02
 6870.000  1.519249e-02
 6872.000  1.518365e-02
 6874.000  1.522047e-02
 6876.000  1.521162e-02
 6878.000  1.518248e-02
 6880.000  1.517366e-02
 6882.000  1.516484e-02
 6884.000  1.525096e-02
 6886.000  1.524210e-02
 6888.000  1.524371e-02
 6890.000  1.523486e-02
 6892.000  1.522568e-02
 6894.000  1.521685e-02
 6896.000  1.520802e-02
 6898.000  1.525617e-02
 6900.000  1.524733e-02
 6902.000  1.536725e-02
 6904.000  1.535835e-02
 6906.000  1.534945e-02
 6908.000  1.539270e-02
 6910.000  1.538379e-02
 6912.000  1.535940e-02
 6914.000  1.535052e-02
 6916.000  1.534120e-02
 6918.000  1.533233e-02
 6920.000  1.532347e-02
 6922.000  1.526768e-02
 6924.000  1.525886e-02
 6926.000  1.525481e-02
 6928.000  1.524601e-02
 6930.000  1.523721e-02
 6932.000  1.531732e-02
 6934.000  1.530849e-02
 6936.000  1.538444e-02
 6938.000  1.537557e-02
 6940.000  1.541662e-02
 6942.000  1.540774e-02
 6944.000  1.539886e-02
 6946.000  1.546043e-02
 6948.000  1.545153e-02
 6950.000  1.557067e-02
 6952.000  1.556171e-02
 6954.000  1.555276e-02
 6956.000  1.564967e-02
 6958.000  1.564067e-02
 6960.000  1.569523e-02
 6962.000  1.568622e-02
 6964.000  1.569682e-02
 6966.000  1.568781e-02
 6968.000  1.567881e-02
 6970.000  1.564743e-02
 6972.000  1.563845e-02
 6974.000  1.572232e-02
 6976.000  1.571330e-02
 6978.000  1.570430e-02
 6980.000  1.568180e-02
 6982.000  1.567282e-02
 6984.000  1.572309e-02
 6986.000  1.571409e-02
 6988.000  1.570509e-02
 6990.000  1.580085e-02
 6992.000  1.579182e-02
 6994.000  1.583781e-02
 6996.000  1.582876e-02
 6998.000  1.582832e-02
 7000.000  1.581928e-02
 7002.000  1.581025e-02
 7004.000  1.572577e-02
 7006.000  1.571679e-02
 7008.000  1.575502e-02
 7010.000  1.574603e-02
 7012.000  1.573705e-02
 7014.000  1.581031e-02
 7016.000  1.580130e-02
 7018.000  1.595579e-02
 7020.000  1.594670e-02
 7022.000  1.593762e-02
 7024.000  1.599547e-02
 7026.000  1.598636e-02
 7028.000  1.592512e-02
 7030.000  1.591606e-02
 7032.000  1.590701e-02
 7034.000  1.597399e-02
 7036.000  1.596491e-02
 7038.000  1.605834e-02
 7040.000  1.604921e-02
 7042.000  1.604010e-02
 7044.000  1.611428e-02
 7046.000  1.610513e-02
 7048.000  1.612659e-02
 7050.000  1.611744e-02
 7052.000  1.610830e-02
 7054.000  1.614038e-02
 7056.000  1.613123e-02
 7058.000  1.614811e-02
 7060.000  1.613896e-02
 7062.000  1.612982e-02
 7064.000  1.609487e-02
 7066.000  1.608576e-02
 7068.000  1.603340e-02
 7070.000  1.602433e-02
 7072.000  1.601527e-02
 7074.000  1.592513e-02
 7076.000  1.591613e-02
 7078.000  1.606683e-02
 7080.000  1.605775e-02
 7082.000  1.604868e-02
 7084.000  1.622992e-02
 7086.000  1.622077e-02
 7088.000  1.608913e-02
 7090.000  1.608006e-02
 7092.000  1.607099e-02
 7094.000  1.613628e-02
 7096.000  1.612718e-02
 7098.000  1.608200e-02
 7100.000  1.607294e-02
 7102.000  1.606389e-02
 7104.000  1.608090e-02
 7106.000  1.607185e-02
 7108.000  1.623976e-02
 7110.000  1.623063e-02
 7112.000  1.622150e-02
 7114.000  1.642470e-02
 7116.000  1.641546e-02
 7118.000  1.645244e-02
 7120.000  1.644320e-02
 7122.000  1.643397e-02
 7124.000  1.635446e-02
 7126.000  1.634528e-02
 7128.000  1.628329e-02
 7130.000  1.627416e-02
 7132.000  1.626503e-02
 7134.000  1.634121e-02
 7136.000  1.633205e-02
 7138.000  1.648209e-02
 7140.000  1.647286e-02
 7142.000  1.646363e-02
 7144.000  1.660713e-02
 7146.000  1.659784e-02
 7148.000  1.660853e-02
 7150.000  1.659925e-02
 7152.000  1.658996e-02
 7154.000  1.661346e-02
 7156.000  1.660417e-02
 7158.000  1.659489e-02
 7160.000  1.662164e-02
 7162.000  1.661236e-02
 7164.000  1.670286e-02
 7166.000  1.669354e-02
 7168.000  1.668422e-02
 7170.000  1.675033e-02
 7172.000  1.674099e-02
 7174.000  1.669508e-02
 7176.000  1.668578e-02
 7178.000  1.667648e-02
 7180.000  1.660184e-02
 7182.000  1.659260e-02
 7184.000  1.658131e-02
 7186.000  1.657208e-02
 7188.000  1.656286e-02
 7190.000  1.669728e-02
 7192.000  1.668799e-02
 7194.000  1.667872e-02
 7196.000  1.663980e-02
 7198.000  1.663055e-02
 7200.000  1.678542e-02
 7202.000  1.677610e-02
 7204.000  1.676678e-02
 7206.000  1.691747e-02
 7208.000  1.690808e-02
 7210.000  1.692321e-02
 7212.000  1.691383e-02
 7214.000  1.690445e-02
 7216.000  1.674027e-02
 7218.000  1.673100e-02
 7220.000  1.672173e-02
 7222.000  1.651026e-02
 7224.000  1.650112e-02
 7226.000  1.660626e-02
 7228.000  1.659707e-02
 7230.000  1.658789e-02
 7232.000  1.653047e-02
 7234.000  1.652133e-02
 7236.000  1.646964e-02
 7238.000  1.646054e-02
 7240.000  1.645145e-02
 7242.000  1.667437e-02
 7244.000  1.666517e-02
 7246.000  1.665597e-02
 7248.000  1.692277e-02
 7250.000  1.691343e-02
 7252.000  1.691620e-02
 7254.000  1.690688e-02
 7256.000  1.689756e-02
 7258.000  1.688595e-02
 7260.000  1.687665e-02
 7262.000  1.686736e-02
 7264.000  1.691007e-02
 7266.000  1.690076e-02
 7268.000  1.716933e-02
 7270.000  1.715989e-02
 7272.000  1.715045e-02
 7274.000  1.722355e-02
 7276.000  1.721408e-02
 7278.000  1.720463e-02
 7280.000  1.723844e-02
 7282.000  1.722897e-02
 7284.000  1.717060e-02
 7286.000  1.716118e-02
 7288.000  1.715176e-02
 7290.000  1.695234e-02
 7292.000  1.694304e-02
 7294.000  1.692447e-02
 7296.000  1.691519e-02
 7298.000  1.690592e-02
 7300.000  1.718786e-02
 7302.000  1.717844e-02
 7304.000  1.716904e-02
 7306.000  1.734196e-02
 7308.000  1.733247e-02
 7310.000  1.701816e-02
 7312.000  1.700885e-02
 7314.000  1.699955e-02
 7316.000  1.675500e-02
 7318.000  1.674584e-02
 7320.000  1.673669e-02
 7322.000  1.694938e-02
 7324.000  1.694013e-02
 7326.000  1.693088e-02
 7328.000  1.721316e-02
 7330.000  1.720377e-02
 7332.000  1.749053e-02
 7334.000  1.748099e-02
 7336.000  1.747146e-02
 7338.000  1.750133e-02
 7340.000  1.749180e-02
 7342.000  1.748227e-02
 7344.000  1.749443e-02
 7346.000  1.748490e-02
 7348.000  1.744655e-02
 7350.000  1.743705e-02
 7352.000  1.742757e-02
 7354.000  1.708782e-02
 7356.000  1.707853e-02
 7358.000  1.706924e-02
 7360.000  1.729794e-02
 7362.000  1.728854e-02
 7364.000  1.685020e-02
 7366.000  1.684105e-02
 7368.000  1.683191e-02
 7370.000  1.675852e-02
 7372.000  1.674943e-02
 7374.000  1.674034e-02
 7376.000  1.733581e-02
 7378.000  1.732641e-02
 7380.000  1.731702e-02
 7382.000  1.750817e-02
 7384.000  1.749869e-02
 7386.000  1.656744e-02
 7388.000  1.655847e-02
 7390.000  1.654951e-02
 7392.000  1.637185e-02
 7394.000  1.636299e-02
 7396.000  1.635415e-02
 7398.000  1.650577e-02
 7400.000  1.649685e-02
 7402.000  1.689927e-02
 7404.000  1.689014e-02
 7406.000  1.688102e-02
 7408.000  1.770949e-02
 7410.000  1.769993e-02
 7412.000  1.769038e-02
 7414.000  1.710717e-02
 7416.000  1.709795e-02
 7418.000  1.708873e-02
 7420.000  1.654003e-02
 7422.000  1.653112e-02
 7424.000  1.647239e-02
 7426.000  1.646352e-02
 7428.000  1.645466e-02
 7430.000  1.595560e-02
 7432.000  1.594702e-02
 7434.000  1.593844e-02
 7436.000  1.648664e-02
 7438.000  1.647777e-02
 7440.000  1.646891e-02
 7442.000  1.653205e-02
 7444.000  1.652317e-02
 7446.000  1.651430e-02
 7448.000  1.744002e-02
 7450.000  1.743066e-02
 7452.000  1.776658e-02
 7454.000  1.775705e-02
 7456.000  1.774752e-02
 7458.000  1.805336e-02
 7460.000  1.804368e-02
 7462.000  1.803401e-02
 7464.000  1.807370e-02
 7466.000  1.806401e-02
 7468.000  1.805434e-02
 7470.000  1.808090e-02
 7472.000  1.807122e-02
 7474.000  1.796091e-02
 7476.000  1.795130e-02
 7478.000  1.794170e-02
 7480.000  1.807703e-02
 7482.000  1.806737e-02
 7484.000  1.805772e-02
 7486.000  1.741447e-02
 7488.000  1.740517e-02
 7490.000  1.739588e-02
 7492.000  1.644268e-02
 7494.000  1.643390e-02
 7496.000  1.642513e-02
 7498.000  1.628588e-02
 7500.000  1.627719e-02
 7502.000  1.720715e-02
 7504.000  1.719798e-02
 7506.000  1.718882e-02
 7508.000  1.396599e-02
 7510.000  1.395855e-02
 7512.000  1.395112e-02
 7514.000  1.530352e-02
 7516.000  1.529538e-02
 7518.000  1.528724e-02
 7520.000  1.714981e-02
 7522.000  1.714069e-02
 7524.000  1.713158e-02
 7526.000  1.459107e-02
 7528.000  1.458332e-02
 7530.000  1.457558e-02
 7532.000  1.748003e-02
 7534.000  1.747075e-02
 7536.000  1.537769e-02
 7538.000  1.536954e-02
 7540.000  1.536138e-02
 7542.000  1.375386e-02
 7544.000  1.374656e-02
 7546.000  1.373928e-02
 7548.000  1.556491e-02
 7550.000  1.555667e-02
 7552.000  1.554843e-02
 7554.000  1.732906e-02
 7556.000  1.731989e-02
 7558.000  1.731072e-02
 7560.000  1.671529e-02
 7562.000  1.670645e-02
 7564.000  1.669761e-02
 7566.000  1.725752e-02
 7568.000  1.724840e-02
 7570.000  1.723928e-02
 7572.000  1.838790e-02
 7574.000  1.837819e-02
 7576.000  1.849294e-02
 7578.000  1.848318e-02
 7580.000  1.847342e-02
 7582.000  1.845542e-02
 7584.000  1.844568e-02
 7586.000  1.843596e-02
 7588.000  1.836548e-02
 7590.000  1.835580e-02
 7592.000  1.834613e-02
 7594.000  1.839383e-02
 7596.000  1.838414e-02
 7598.000  1.837446e-02
 7600.000  1.775009e-02
 7602.000  1.774075e-02
 7604.000  1.773142e-02
 7606.000  1.838638e-02
 7608.000  1.837672e-02
 7610.000  1.836706e-02
 7612.000  1.855915e-02
 7614.000  1.854940e-02
 7616.000  1.853966e-02
 7618.000  1.860084e-02
 7620.000  1.859108e-02
 7622.000  1.744664e-02
 7624.000  1.743748e-02
 7626.000  1.742834e-02
 7628.000  1.536230e-02
 7630.000  1.535424e-02
 7632.000  1.534620e-02
 7634.000  1.595072e-02
 7636.000  1.594236e-02
 7638.000  1.593402e-02
 7640.000  1.816247e-02
 7642.000  1.815296e-02
 7644.000  1.814347e-02
 7646.000  1.719137e-02
 7648.000  1.718237e-02
 7650.000  1.717339e-02
 7652.000  1.764669e-02
 7654.000  1.763747e-02
 7656.000  1.762826e-02
 7658.000  1.797830e-02
 7660.000  1.796891e-02
 7662.000  1.795953e-02
 7664.000  1.738772e-02
 7666.000  1.737865e-02
 7668.000  1.736958e-02
 7670.000  1.731931e-02
 7672.000  1.731029e-02
 7674.000  1.730126e-02
 7676.000  1.617532e-02
 7678.000  1.616689e-02
 7680.000  1.615847e-02
 7682.000  1.603696e-02
 7684.000  1.602862e-02
 7686.000  1.602028e-02
 7688.000  1.489658e-02
 7690.000  1.488883e-02
 7692.000  1.488109e-02
 7694.000  1.502652e-02
 7696.000  1.501871e-02
 7698.000  1.501091e-02
 7700.000  1.377126e-02
 7702.000  1.376411e-02
 7704.000  1.375697e-02
 7706.000  1.721688e-02
 7708.000  1.720795e-02
 7710.000  1.719902e-02
 7712.000  1.815145e-02
 7714.000  1.814204e-02
 7716.000  1.813264e-02
 7718.000  1.527786e-02
 7720.000  1.526994e-02
 7722.000  1.526203e-02
 7724.000  1.535920e-02
 7726.000  1.535124e-02
 7728.000  1.527459e-02
 7730.000  1.526668e-02
 7732.000  1.525879e-02
 7734.000  1.505263e-02
 7736.000  1.504484e-02
 7738.000  1.503707e-02
 7740.000  1.332766e-02
 7742.000  1.332078e-02
 7744.000  1.331390e-02
 7746.000  1.721332e-02
 7748.000  1.720443e-02
 7750.000  1.719555e-02
 7752.000  1.548091e-02
 7754.000  1.547292e-02
 7756.000  1.546494e-02
 7758.000  1.897597e-02
 7760.000  1.896619e-02
 7762.000  1.895642e-02
 7764.000  1.911512e-02
 7766.000  1.910528e-02
 7768.000  1.909544e-02
 7770.000  1.908561e-02
 7772.000  1.712402e-02
 7774.000  1.711521e-02
 7776.000  1.710641e-02
 7778.000  1.307613e-02
 7780.000  1.306941e-02
 7782.000  1.306269e-02
 7784.000  1.663818e-02
 7786.000  1.662963e-02
 7788.000  1.662109e-02
 7790.000  1.610520e-02
 7792.000  1.609693e-02
 7794.000  1.608867e-02
 7796.000  1.440070e-02
 7798.000  1.439331e-02
 7800.000  1.438593e-02
 7802.000  1.522966e-02
 7804.000  1.522186e-02
 7806.000  1.521406e-02
 7808.000  1.711313e-02
 7810.000  1.710437e-02
 7812.000  1.709561e-02
 7814.000  1.467552e-02
 7816.000  1.466801e-02
 7818.000  1.466051e-02
 7820.000  1.207059e-02
 7822.000  1.206442e-02
 7824.000  1.205825e-02
 7826.000  1.401663e-02
 7828.000  1.400947e-02
 7830.000  1.400231e-02
 7832.000  1.370935e-02
 7834.000  1.370235e-02
 7836.000  1.369536e-02
 7838.000  1.458259e-02
 7840.000  1.457515e-02
 7842.000  1.456771e-02
 7844.000  1.365819e-02
 7846.000  1.365123e-02
 7848.000  1.364427e-02
 7850.000  1.652506e-02
 7852.000  1.651664e-02
 7854.000  1.650823e-02
 7856.000  1.890193e-02
 7858.000  1.889230e-02
 7860.000  1.888269e-02
 7862.000  1.947801e-02
 7864.000  1.946810e-02
 7866.000  1.945820e-02
 7868.000  1.894653e-02
 7870.000  1.893690e-02
 7872.000  1.892728e-02
 7874.000  1.891766e-02
 7876.000  1.893383e-02
 7878.000  1.892422e-02
 7880.000  1.891461e-02
 7882.000  1.929320e-02
 7884.000  1.928341e-02
 7886.000  1.927363e-02
 7888.000  1.711646e-02
 7890.000  1.710778e-02
 7892.000  1.709911e-02
 7894.000  1.864829e-02
 7896.000  1.863885e-02
 7898.000  1.862941e-02
 7900.000  1.853117e-02
 7902.000  1.852179e-02
 7904.000  1.851241e-02
 7906.000  1.475188e-02
 7908.000  1.474442e-02
 7910.000  1.473696e-02
 7912.000  1.553373e-02
 7914.000  1.552588e-02
 7916.000  1.551804e-02
 7918.000  1.468116e-02
 7920.000  1.467375e-02
 7922.000  1.466634e-02
 7924.000  1.720896e-02
 7926.000  1.720028e-02
 7928.000  1.719160e-02
 7930.000  1.718293e-02
 7932.000  1.968793e-02
 7934.000  1.967800e-02
 7936.000  1.966809e-02
 7938.000  1.834559e-02
 7940.000  1.833634e-02
 7942.000  1.832711e-02
 7944.000  1.684978e-02
 7946.000  1.684130e-02
 7948.000  1.683282e-02
 7950.000  1.167374e-02
 7952.000  1.166787e-02
 7954.000  1.166200e-02
 7956.000  1.152447e-02
 7958.000  1.151868e-02
 7960.000  1.151289e-02
 7962.000  9.704820e-03
 7964.000  9.699945e-03
 7966.000  9.695075e-03
 7968.000  9.690209e-03
 7970.000  1.296225e-02
 7972.000  1.295574e-02
 7974.000  1.294925e-02
 7976.000  1.475451e-02
 7978.000  1.474712e-02
 7980.000  1.473972e-02
 7982.000  1.160253e-02
 7984.000  1.159672e-02
 7986.000  1.159091e-02
 7988.000  1.105132e-02
 7990.000  1.104579e-02
 7992.000  1.104026e-02
 7994.000  7.316718e-03
 7996.000  7.313058e-03
 7998.000  7.309401e-03
 8000.000  1.039832e-02
 8002.000  1.039313e-02
 8004.000  1.038793e-02
 8006.000  1.038274e-02
 8008.000  9.493773e-03
 8010.000  9.489032e-03
 8012.000  9.484296e-03
 8014.000  1.022614e-02
 8016.000  1.022104e-02
 8018.000  1.021594e-02
 8020.000  9.337278e-03
 8022.000  9.332622e-03
 8024.000  9.327970e-03
 8026.000  1.254981e-02
 8028.000  1.254355e-02
 8030.000  1.253731e-02
 8032.000  1.253106e-02
 8034.000  1.871246e-02
 8036.000  1.870314e-02
 8038.000  1.869384e-02
 8040.000  1.700480e-02
 8042.000  1.699634e-02
 8044.000  1.698789e-02
 8046.000  1.186182e-02
 8048.000  1.185592e-02
 8050.000  1.185003e-02
 8052.000  8.639484e-03
 8054.000  8.635193e-03
 8056.000  8.630906e-03
 8058.000  8.626623e-03
 8060.000  8.670683e-03
 8062.000  8.666382e-03
 8064.000  8.662083e-03
 8066.000  1.200881e-02
 8068.000  1.200286e-02
 8070.000  1.199691e-02
 8072.000  7.647898e-03
 8074.000  7.644109e-03
 8076.000  7.640324e-03
 8078.000  1.031974e-02
 8080.000  1.031463e-02
 8082.000  1.030953e-02
 8084.000  1.030443e-02
 8086.000  1.012859e-02
 8088.000  1.012358e-02
 8090.000  1.011857e-02
 8092.000  4.958965e-03
 8094.000  4.956515e-03
 8096.000  4.954066e-03
 8098.000  2.880982e-03
 8100.000  2.879559e-03
 8102.000  2.878138e-03
 8104.000  4.800661e-03
 8106.000  4.798293e-03
 8108.000  4.795926e-03
 8110.000  4.793561e-03
 8112.000  3.560158e-03
 8114.000  3.558403e-03
 8116.000  3.556650e-03
 8118.000  2.680358e-03
 8120.000  2.679038e-03
 8122.000  2.677719e-03
 8124.000  5.545510e-03
 8126.000  5.542781e-03
 8128.000  5.540054e-03
 8130.000  5.537328e-03
 8132.000  7.898556e-03
 8134.000  7.894672e-03
 8136.000  7.890792e-03
 8138.000  5.182704e-03
 8140.000  5.180158e-03
 8142.000  5.177613e-03
 8144.000  4.823288e-03
 8146.000  4.820920e-03
 8148.000  4.818554e-03
 8150.000  1.026335e-02
 8152.000  1.025831e-02
 8154.000  1.025328e-02
 8156.000  1.024825e-02
 8158.000  1.855598e-02
 8160.000  1.854688e-02
 8162.000  1.853780e-02
 8164.000  1.532794e-02
 8166.000  1.532043e-02
 8168.000  1.531293e-02
 8170.000  7.583867e-03
 8172.000  7.580155e-03
 8174.000  7.576446e-03
 8176.000  7.572740e-03
 8178.000  7.447783e-03
 8180.000  7.444141e-03
 8182.000  7.440502e-03
 8184.000  9.403171e-03
 8186.000  9.398577e-03
 8188.000  9.393985e-03
 8190.000  9.389398e-03
 8192.000  8.608570e-03
 8194.000  8.604368e-03
 8196.000  8.600169e-03
 8198.000  8.156863e-03
 8200.000  8.152884e-03
 8202.000  8.148910e-03
 8204.000  1.727694e-02
 8206.000  1.726852e-02
 8208.000  1.726011e-02
 8210.000  1.725170e-02
 8212.000  6.721867e-03
 8214.000  6.718594e-03
 8216.000  6.715323e-03
 8218.000  5.245370e-03
 8220.000  5.242818e-03
 8222.000  5.240268e-03
 8224.000  6.476689e-03
 8226.000  6.473540e-03
 8228.000  6.470393e-03
 8230.000  6.467249e-03
 8232.000  6.352877e-03
 8234.000  6.349792e-03
 8236.000  6.346708e-03
 8238.000  7.550254e-03
 8240.000  7.546590e-03
 8242.000  7.542928e-03
 8244.000  7.539268e-03
 8246.000  1.839470e-02
 8248.000  1.838578e-02
 8250.000  1.837686e-02
 8252.000  1.846788e-02
 8254.000  1.845894e-02
 8256.000  1.844999e-02
 8258.000  8.849611e-03
 8260.000  8.845326e-03
 8262.000  8.841044e-03
 8264.000  8.836765e-03
 8266.000  5.064797e-03
 8268.000  5.062347e-03
 8270.000  5.059899e-03
 8272.000  4.507273e-03
 8274.000  4.505094e-03
 8276.000  4.502917e-03
 8278.000  4.500741e-03
 8280.000  3.512978e-03
 8282.000  3.511282e-03
 8284.000  3.509586e-03
 8286.000  5.933584e-03
 8288.000  5.930720e-03
 8290.000  5.927860e-03
 8292.000  4.273043e-03
 8294.000  4.270982e-03
 8296.000  4.268923e-03
 8298.000  4.266866e-03
 8300.000  2.472952e-03
 8302.000  2.471761e-03
 8304.000  2.470570e-03
 8306.000  2.739140e-03
 8308.000  2.737821e-03
 8310.000  2.736504e-03
 8312.000  2.735187e-03
 8314.000  2.812515e-03
 8316.000  2.811162e-03
 8318.000  2.809811e-03
 8320.000  3.316718e-03
 8322.000  3.315124e-03
 8324.000  3.313531e-03
 8326.000  3.311940e-03
 8328.000  2.964359e-03
 8330.000  2.962935e-03
 8332.000  2.961513e-03
 8334.000  4.801264e-03
 8336.000  4.798960e-03
 8338.000  4.796658e-03
 8340.000  4.794358e-03
 8342.000  1.554959e-02
 8344.000  1.554214e-02
 8346.000  1.553469e-02
 8348.000  1.022038e-02
 8350.000  1.021548e-02
 8352.000  1.021059e-02
 8354.000  1.020570e-02
 8356.000  4.590815e-03
 8358.000  4.588618e-03
 8360.000  4.586423e-03
 8362.000  3.453966e-03
 8364.000  3.452314e-03
 8366.000  3.450663e-03
 8368.000  3.449014e-03
 8370.000  2.791398e-03
 8372.000  2.790064e-03
 8374.000  2.788732e-03
 8376.000  4.767331e-03
 8378.000  4.765055e-03
 8380.000  4.762781e-03
 8382.000  4.760508e-03
 8384.000  3.530873e-03
 8386.000  3.529189e-03
 8388.000  3.527506e-03
 8390.000  5.879346e-03
 8392.000  5.876544e-03
 8394.000  5.873744e-03
 8396.000  5.870946e-03
 8398.000  4.414062e-03
 8400.000  4.411960e-03
 8402.000  4.409861e-03
 8404.000  3.614700e-03
 8406.000  3.612980e-03
 8408.000  3.611261e-03
 8410.000  3.609544e-03
 8412.000  5.537032e-03
 8414.000  5.534400e-03
 8416.000  5.531770e-03
 8418.000  1.531168e-02
 8420.000  1.530441e-02
 8422.000  1.529714e-02
 8424.000  1.528988e-02
 8426.000  1.523916e-02
 8428.000  1.523193e-02
 8430.000  1.522471e-02
 8432.000  6.281176e-03
 8434.000  6.278198e-03
 8436.000  6.275221e-03
 8438.000  6.272247e-03
 8440.000  4.734188e-03
 8442.000  4.731945e-03
 8444.000  4.729704e-03
 8446.000  3.253974e-03
 8448.000  3.252433e-03
 8450.000  3.250894e-03
 8452.000  3.249356e-03
 8454.000  3.020276e-03
 8456.000  3.018847e-03
 8458.000  3.017420e-03
 8460.000  3.015993e-03
 8462.000  3.485515e-03
 8464.000  3.483868e-03
 8466.000  3.482222e-03
 8468.000  5.910079e-03
 8470.000  5.907289e-03
 8472.000  5.904500e-03
 8474.000  5.901713e-03
 8476.000  3.137126e-03
 8478.000  3.135646e-03
 8480.000  3.134167e-03
 8482.000  4.762456e-03
 8484.000  4.760210e-03
 8486.000  4.757967e-03
 8488.000  4.755725e-03
 8490.000  3.796723e-03
 8492.000  3.794934e-03
 8494.000  3.793148e-03
 8496.000  3.791362e-03
 8498.000  5.727711e-03
 8500.000  5.725016e-03
 8502.000  5.722323e-03
 8504.000  9.769733e-03
 8506.000  9.765140e-03
 8508.000  9.760548e-03
 8510.000  9.755962e-03
 8512.000  2.008597e-02
 8514.000  2.007653e-02
 8516.000  2.006710e-02
 8518.000  1.399176e-02
 8520.000  1.398519e-02
 8522.000  1.397863e-02
 8524.000  1.397207e-02
 8526.000  4.835973e-03
 8528.000  4.833705e-03
 8530.000  4.831439e-03
 8532.000  4.829173e-03
 8534.000  3.874051e-03
 8536.000  3.872235e-03
 8538.000  3.870422e-03
 8540.000  3.408087e-03
 8542.000  3.406491e-03
 8544.000  3.404896e-03
 8546.000  3.403303e-03
 8548.000  3.428515e-03
 8550.000  3.426911e-03
 8552.000  3.425308e-03
 8554.000  3.423707e-03
 8556.000  2.283172e-03
 8558.000  2.282105e-03
 8560.000  2.281039e-03
 8562.000  2.670967e-03
 8564.000  2.669720e-03
 8566.000  2.668473e-03
 8568.000  2.667227e-03
 8570.000  5.381688e-03
 8572.000  5.379177e-03
 8574.000  5.376668e-03
 8576.000  5.374161e-03
 8578.000  1.695380e-02
 8580.000  1.694590e-02
 8582.000  1.693800e-02
 8584.000  7.023484e-03
 8586.000  7.020212e-03
 8588.000  7.016942e-03
 8590.000  7.013676e-03
 8592.000  3.686609e-03
 8594.000  3.684893e-03
 8596.000  3.683179e-03
 8598.000  3.681466e-03
 8600.000  2.899329e-03
 8602.000  2.897981e-03
 8604.000  2.896634e-03
 8606.000  2.705431e-03
 8608.000  2.704174e-03
 8610.000  2.702918e-03
 8612.000  2.701662e-03
 8614.000  2.532405e-03
 8616.000  2.531229e-03
 8618.000  2.530055e-03
 8620.000  2.528881e-03
 8622.000  2.702937e-03
 8624.000  2.701684e-03
 8626.000  2.700431e-03
 8628.000  2.699179e-03
 8630.000  2.767830e-03
 8632.000  2.766548e-03
 8634.000  2.765266e-03
 8636.000  2.441037e-03
 8638.000  2.439907e-03
 8640.000  2.438778e-03
 8642.000  2.437649e-03
 8644.000  2.532542e-03
 8646.000  2.531370e-03
 8648.000  2.530199e-03
 8650.000  2.529030e-03
 8652.000  2.799167e-03
 8654.000  2.797873e-03
 8656.000  2.796580e-03
 8658.000  2.795289e-03
 8660.000  3.771117e-03
 8662.000  3.769377e-03
 8664.000  3.767636e-03
 8666.000  3.506785e-03
 8668.000  3.505166e-03
 8670.000  3.503550e-03
 8672.000  3.501934e-03
 8674.000  1.134581e-02
 8676.000  1.134058e-02
 8678.000  1.133536e-02
 8680.000  1.133014e-02
 8682.000  9.534500e-03
 8684.000  9.530108e-03
 8686.000  9.525721e-03
 8688.000  9.521334e-03
 8690.000  4.378420e-03
 8692.000  4.376405e-03
 8694.000  4.374392e-03
 8696.000  1.285189e-02
 8698.000  1.284598e-02
 8700.000  1.284007e-02
 8702.000  1.283417e-02
 8704.000  3.727752e-03
 8706.000  3.726040e-03
 8708.000  3.724328e-03
 8710.000  3.722618e-03
 8712.000  2.943881e-03
 8714.000  2.942530e-03
 8716.000  2.941179e-03
 8718.000  2.939830e-03
 8720.000  2.746347e-03
 8722.000  2.745088e-03
 8724.000  2.743830e-03
 8726.000  2.742572e-03
 8728.000  2.387934e-03
 8730.000  2.386840e-03
 8732.000  2.385746e-03
 8734.000  2.270378e-03
 8736.000  2.269339e-03
 8738.000  2.268300e-03
 8740.000  2.267262e-03
 8742.000  2.526443e-03
 8744.000  2.525287e-03
 8746.000  2.524132e-03
 8748.000  2.522978e-03
 8750.000  2.358911e-03
 8752.000  2.357833e-03
 8754.000  2.356755e-03
 8756.000  2.355679e-03
 8758.000  3.215153e-03
 8760.000  3.213685e-03
 8762.000  3.212218e-03
 8764.000  3.210752e-03
 8766.000  2.484494e-03
 8768.000  2.483360e-03
 8770.000  2.482228e-03
 8772.000  2.535323e-03
 8774.000  2.534167e-03
 8776.000  2.533012e-03
 8778.000  2.531858e-03
 8780.000  3.401012e-03
 8782.000  3.399463e-03
 8784.000  3.397915e-03
 8786.000  3.396369e-03
 8788.000  1.311938e-02
 8790.000  1.311341e-02
 8792.000  1.310744e-02
 8794.000  1.310148e-02
 8796.000  9.386294e-03
 8798.000  9.382026e-03
 8800.000  9.377762e-03
 8802.000  9.373502e-03
 8804.000  1.733926e-02
 8806.000  1.733139e-02
 8808.000  1.732351e-02
 8810.000  1.731565e-02
 8812.000  4.773692e-03
 8814.000  4.771526e-03
 8816.000  4.769361e-03
 8818.000  4.767198e-03
 8820.000  3.112885e-03
 8822.000  3.111474e-03
 8824.000  3.110063e-03
 8826.000  3.108654e-03
 8828.000  2.508892e-03
 8830.000  2.507756e-03
 8832.000  2.506620e-03
 8834.000  2.337886e-03
 8836.000  2.336828e-03
 8838.000  2.335770e-03
 8840.000  2.334713e-03
 8842.000  2.177601e-03
 8844.000  2.176616e-03
 8846.000  2.175632e-03
 8848.000  2.174649e-03
 8850.000  2.263498e-03
 8852.000  2.262476e-03
 8854.000  2.261454e-03
 8856.000  2.260432e-03
 8858.000  1.880921e-03
 8860.000  1.880071e-03
 8862.000  1.879223e-03
 8864.000  1.878375e-03
 8866.000  2.105247e-03
 8868.000  2.104297e-03
 8870.000  2.103348e-03
 8872.000  2.102400e-03
 8874.000  1.933486e-03
 8876.000  1.932614e-03
 8878.000  1.931744e-03
 8880.000  1.930874e-03
 8882.000  2.080733e-03
 8884.000  2.079797e-03
 8886.000  2.078861e-03
 8888.000  2.077925e-03
 8890.000  2.105996e-03
 8892.000  2.105049e-03
 8894.000  2.104102e-03
 8896.000  2.103156e-03
 8898.000  2.451084e-03
 8900.000  2.449982e-03
 8902.000  2.448882e-03
 8904.000  2.447781e-03
 8906.000  2.668978e-03
 8908.000  2.667780e-03
 8910.000  2.666582e-03
 8912.000  2.665385e-03
 8914.000  1.174207e-02
 8916.000  1.173680e-02
 8918.000  1.173154e-02
 8920.000  1.172628e-02
 8922.000  8.216218e-03
 8924.000  8.212536e-03
 8926.000  8.208856e-03
 8928.000  8.205178e-03
 8930.000  2.342291e-03
 8932.000  2.341242e-03
 8934.000  2.340194e-03
 8936.000  2.339147e-03
 8938.000  2.332418e-03
 8940.000  2.331375e-03
 8942.000  2.330332e-03
 8944.000  2.329290e-03
 8946.000  3.286376e-03
 8948.000  3.284907e-03
 8950.000  3.283439e-03
 8952.000  3.281972e-03
 8954.000  2.040957e-03
 8956.000  2.040046e-03
 8958.000  2.039135e-03
 8960.000  2.038225e-03
 8962.000  1.978245e-03
 8964.000  1.977362e-03
 8966.000  1.976480e-03
 8968.000  1.975599e-03
 8970.000  2.137890e-03
 8972.000  2.136937e-03
 8974.000  2.135985e-03
 8976.000  2.135033e-03
 8978.000  2.055376e-03
 8980.000  2.054461e-03
 8982.000  2.053546e-03
 8984.000  2.052632e-03
 8986.000  2.921081e-03
 8988.000  2.919781e-03
 8990.000  2.918482e-03
 8992.000  2.917184e-03
 8994.000  1.191322e-02
 8996.000  1.190792e-02
 8998.000  1.190263e-02
 9000.000  1.189734e-02
 9002.000  3.209246e-03
 9004.000  3.207820e-03
 9006.000  3.206396e-03
 9008.000  3.204972e-03
 9010.000  2.131286e-03
 9012.000  2.130340e-03
 9014.000  2.129395e-03
 9016.000  2.128451e-03
 9018.000  2.461814e-03
 9020.000  2.460723e-03
 9022.000  2.459632e-03
 9024.000  2.458542e-03
 9026.000  4.106833e-03
 9028.000  4.105013e-03
 9030.000  4.103195e-03
 9032.000  4.101378e-03
 9034.000  1.190222e-02
 9036.000  1.189695e-02
 9038.000  1.189169e-02
 9040.000  1.188643e-02
 9042.000  2.549798e-03
 9044.000  2.548671e-03
 9046.000  2.547544e-03
 9048.000  2.546418e-03
 9050.000  2.227135e-03
 9052.000  2.226151e-03
 9054.000  2.225168e-03
 9056.000  2.224185e-03
 9058.000  2.052361e-03
 9060.000  2.051455e-03
 9062.000  2.050550e-03
 9064.000  2.049645e-03
 9066.000  2.048741e-03
 9068.000  2.731572e-03
 9070.000  2.730367e-03
 9072.000  2.729164e-03
 9074.000  2.727961e-03
 9076.000  9.794069e-03
 9078.000  9.789755e-03
 9080.000  9.785443e-03
 9082.000  9.781133e-03
 9084.000  3.308088e-03
 9086.000  3.306632e-03
 9088.000  3.305177e-03
 9090.000  3.303722e-03
 9092.000  8.954929e-03
 9094.000  8.950992e-03
 9096.000  8.947055e-03
 9098.000  8.943123e-03
 9100.000  2.374530e-03
 9102.000  2.373487e-03
 9104.000  2.372444e-03
 9106.000  2.371402e-03
 9108.000  2.016016e-03
 9110.000  2.015131e-03
 9112.000  2.014246e-03
 9114.000  2.013362e-03
 9116.000  2.029984e-03
 9118.000  2.029094e-03
 9120.000  2.028204e-03
 9122.000  2.027315e-03
 9124.000  2.026426e-03
 9126.000  2.013889e-03
 9128.000  2.013006e-03
 9130.000  2.012125e-03
 9132.000  2.011243e-03
 9134.000  2.224942e-03
 9136.000  2.223968e-03
 9138.000  2.222994e-03
 9140.000  2.222021e-03
 9142.000  2.267689e-03
 9144.000  2.266697e-03
 9146.000  2.265705e-03
 9148.000  2.264715e-03
 9150.000  2.575377e-03
 9152.000  2.574251e-03
 9154.000  2.573127e-03
 9156.000  2.572003e-03
 9158.000  8.846655e-03
 9160.000  8.842791e-03
 9162.000  8.838932e-03
 9164.000  8.835074e-03
 9166.000  3.740105e-03
 9168.000  3.738473e-03
 9170.000  3.736843e-03
 9172.000  3.735213e-03
 9174.000  3.733585e-03
 9176.000  2.600674e-03
 9178.000  2.599540e-03
 9180.000  2.598408e-03
 9182.000  2.597276e-03
 9184.000  2.847410e-03
 9186.000  2.846170e-03
 9188.000  2.844931e-03
 9190.000  2.843693e-03
 9192.000  3.224884e-03
 9194.000  3.223482e-03
 9196.000  3.222080e-03
 9198.000  3.220679e-03
 9200.000  3.018321e-03
 9202.000  3.017009e-03
 9204.000  3.015698e-03
 9206.000  3.014388e-03
 9208.000  3.013079e-03
 9210.000  4.851598e-03
 9212.000  4.849491e-03
 9214.000  4.847386e-03
 9216.000  4.845283e-03
 9218.000  3.358164e-03
 9220.000  3.356707e-03
 9222.000  3.355252e-03
 9224.000  3.353797e-03
 9226.000  3.638833e-03
 9228.000  3.637256e-03
 9230.000  3.635680e-03
 9232.000  3.634105e-03
 9234.000  3.752333e-03
 9236.000  3.750708e-03
 9238.000  3.749085e-03
 9240.000  3.747462e-03
 9242.000  3.745840e-03
 9244.000  4.487628e-03
 9246.000  4.485687e-03
 9248.000  4.483746e-03
 9250.000  4.481808e-03
 9252.000  2.824740e-03
 9254.000  2.823519e-03
 9256.000  2.822299e-03
 9258.000  2.821080e-03
 9260.000  4.076290e-03
 9262.000  4.074530e-03
 9264.000  4.072770e-03
 9266.000  4.071013e-03
 9268.000  4.233499e-03
 9270.000  4.231673e-03
 9272.000  4.229847e-03
 9274.000  4.228023e-03
 9276.000  4.226200e-03
 9278.000  4.182674e-03
 9280.000  4.180872e-03
 9282.000  4.179070e-03
 9284.000  4.177270e-03
 9286.000  3.946569e-03
 9288.000  3.944869e-03
 9290.000  3.943171e-03
 9292.000  3.941474e-03
 9294.000  3.883471e-03
 9296.000  3.881800e-03
 9298.000  3.880131e-03
 9300.000  3.878462e-03
 9302.000  3.876794e-03
 9304.000  1.068240e-02
 9306.000  1.067781e-02
 9308.000  1.067322e-02
 9310.000  1.066864e-02
 9312.000  4.841817e-03
 9314.000  4.839738e-03
 9316.000  4.837660e-03
 9318.000  4.835584e-03
 9320.000  4.238957e-03
 9322.000  4.237138e-03
 9324.000  4.235320e-03
 9326.000  4.233504e-03
 9328.000  4.231689e-03
 9330.000  4.040065e-03
 9332.000  4.038333e-03
 9334.000  4.036603e-03
 9336.000  4.034873e-03
 9338.000  4.292299e-03
 9340.000  4.290460e-03
 9342.000  4.288624e-03
 9344.000  4.286788e-03
 9346.000  3.429852e-03
 9348.000  3.428385e-03
 9350.000  3.426919e-03
 9352.000  3.425453e-03
 9354.000  3.423988e-03
 9356.000  4.091853e-03
 9358.000  4.090105e-03
 9360.000  4.088357e-03
 9362.000  4.086610e-03
 9364.000  4.759606e-03
 9366.000  4.757574e-03
 9368.000  4.755543e-03
 9370.000  4.753513e-03
 9372.000  4.751484e-03
 9374.000  1.250900e-02
 9376.000  1.250366e-02
 9378.000  1.249833e-02
 9380.000  1.249300e-02
 9382.000  7.006446e-03
 9384.000  7.003460e-03
 9386.000  7.000476e-03
 9388.000  6.997493e-03
 9390.000  5.951722e-03
 9392.000  5.949187e-03
 9394.000  5.946654e-03
 9396.000  5.944123e-03
 9398.000  5.941593e-03
 9400.000  6.456082e-03
 9402.000  6.453336e-03
 9404.000  6.450591e-03
 9406.000  6.447849e-03
 9408.000  9.313030e-03
 9410.000  9.309073e-03
 9412.000  9.305117e-03
 9414.000  9.301163e-03
 9416.000  9.297213e-03
 9418.000  8.053028e-03
 9420.000  8.049608e-03
 9422.000  8.046192e-03
 9424.000  8.042777e-03
 9426.000  1.128657e-02
 9428.000  1.128178e-02
 9430.000  1.127699e-02
 9432.000  1.127221e-02
 9434.000  9.134094e-03
 9436.000  9.130223e-03
 9438.000  9.126354e-03
 9440.000  9.122486e-03
 9442.000  9.118623e-03
 9444.000  1.034211e-02
 9446.000  1.033773e-02
 9448.000  1.033335e-02
 9450.000  1.032898e-02
 9452.000  1.019467e-02
 9454.000  1.019035e-02
 9456.000  1.018604e-02
 9458.000  1.018174e-02
 9460.000  1.017743e-02
 9462.000  9.771722e-03
 9464.000  9.767593e-03
 9466.000  9.763466e-03
 9468.000  9.759341e-03
 9470.000  1.163721e-02
 9472.000  1.163229e-02
 9474.000  1.162738e-02
 9476.000  1.162247e-02
 9478.000  1.161757e-02
 9480.000  1.009774e-02
 9482.000  1.009348e-02
 9484.000  1.008922e-02
 9486.000  1.008497e-02
 9488.000  1.059062e-02
 9490.000  1.058615e-02
 9492.000  1.058169e-02
 9494.000  1.057724e-02
 9496.000  1.057278e-02
 9498.000  1.131424e-02
 9500.000  1.130947e-02
 9502.000  1.130471e-02
 9504.000  1.129995e-02
 9506.000  1.090570e-02
 9508.000  1.090111e-02
 9510.000  1.089653e-02
 9512.000  1.089195e-02
 9514.000  1.088737e-02
 9516.000  1.133103e-02
 9518.000  1.132627e-02
 9520.000  1.132151e-02
 9522.000  1.131676e-02
 9524.000  1.067110e-02
 9526.000  1.066662e-02
 9528.000  1.066214e-02
 9530.000  1.065767e-02
 9532.000  1.065320e-02
 9534.000  9.435263e-03
 9536.000  9.431304e-03
 9538.000  9.427350e-03
 9540.000  9.423397e-03
 9542.000  8.303798e-03
 9544.000  8.300317e-03
 9546.000  8.296840e-03
 9548.000  8.293364e-03
 9550.000  8.289891e-03
 9552.000  8.275129e-03
 9554.000  8.271665e-03
 9556.000  8.268203e-03
 9558.000  8.264743e-03
 9560.000  8.261285e-03
 9562.000  6.174083e-03
 9564.000  6.171501e-03
 9566.000  6.168921e-03
 9568.000  6.166342e-03
 9570.000  5.134128e-03
 9572.000  5.131982e-03
 9574.000  5.129838e-03
 9576.000  5.127695e-03
 9578.000  5.125554e-03
 9580.000  4.736379e-03
 9582.000  4.734402e-03
 9584.000  4.732426e-03
 9586.000  4.730452e-03
 9588.000  5.150825e-03
 9590.000  5.148677e-03
 9592.000  5.146530e-03
 9594.000  5.144385e-03
 9596.000  5.142241e-03
 9598.000  9.769492e-03
 9600.000  9.765422e-03
 9602.000  9.761355e-03
 9604.000  9.757289e-03
 9606.000  9.753226e-03
 9608.000  9.391294e-03
 9610.000  9.387385e-03
 9612.000  9.383479e-03
 9614.000  9.379576e-03
 9616.000  1.167667e-02
 9618.000  1.167182e-02
 9620.000  1.166697e-02
 9622.000  1.166212e-02
 9624.000  1.165727e-02
 9626.000  9.122013e-03
 9628.000  9.118223e-03
 9630.000  9.114436e-03
 9632.000  9.110651e-03
 9634.000  8.733242e-03
 9636.000  8.729616e-03
 9638.000  8.725994e-03
 9640.000  8.722373e-03
 9642.000  8.718756e-03
 9644.000  8.215665e-03
 9646.000  8.212259e-03
 9648.000  8.208854e-03
 9650.000  8.205452e-03
 9652.000  8.202052e-03
 9654.000  7.869206e-03
 9656.000  7.865947e-03
 9658.000  7.862690e-03
 9660.000  7.859434e-03
 9662.000  8.197042e-03
 9664.000  8.193649e-03
 9666.000  8.190259e-03
 9668.000  8.186871e-03
 9670.000  8.183485e-03
 9672.000  8.140930e-03
 9674.000  8.137565e-03
 9676.000  8.134201e-03
 9678.000  8.130840e-03
 9680.000  8.127480e-03
 9682.000  9.087062e-03
 9684.000  9.083309e-03
 9686.000  9.079559e-03
 9688.000  9.075810e-03
 9690.000  8.837345e-03
 9692.000  8.833697e-03
 9694.000  8.830053e-03
 9696.000  8.826410e-03
 9698.000  8.822771e-03
 9700.000  8.746588e-03
 9702.000  8.742982e-03
 9704.000  8.739378e-03
 9706.000  8.735777e-03
 9708.000  8.732177e-03
 9710.000  1.132206e-02
 9712.000  1.131739e-02
 9714.000  1.131273e-02
 9716.000  1.130808e-02
 9718.000  1.130342e-02
 9720.000  1.091182e-02
 9722.000  1.090733e-02
 9724.000  1.090285e-02
 9726.000  1.089836e-02
 9728.000  8.329495e-03
 9730.000  8.326071e-03
 9732.000  8.322649e-03
 9734.000  8.319230e-03
 9736.000  8.315812e-03
 9738.000  8.324379e-03
 9740.000  8.320960e-03
 9742.000  8.317544e-03
 9744.000  8.314130e-03
 9746.000  8.310718e-03
 9748.000  7.867126e-03
 9750.000  7.863900e-03
 9752.000  7.860674e-03
 9754.000  7.857451e-03
 9756.000  7.854230e-03
 9758.000  8.381809e-03
 9760.000  8.378374e-03
 9762.000  8.374942e-03
 9764.000  8.371511e-03
 9766.000  8.135258e-03
 9768.000  8.131927e-03
 9770.000  8.128598e-03
 9772.000  8.125271e-03
 9774.000  8.121947e-03
 9776.000  8.179257e-03
 9778.000  8.175911e-03
 9780.000  8.172568e-03
 9782.000  8.169226e-03
 9784.000  8.165887e-03
 9786.000  7.559417e-03
 9788.000  7.556328e-03
 9790.000  7.553241e-03
 9792.000  7.550156e-03
 9794.000  7.547073e-03
 9796.000  7.945266e-03
 9798.000  7.942022e-03
 9800.000  7.938781e-03
 9802.000  7.935542e-03
 9804.000  7.262605e-03
 9806.000  7.259643e-03
 9808.000  7.256682e-03
 9810.000  7.253724e-03
 9812.000  7.250767e-03
 9814.000  7.962916e-03
 9816.000  7.959671e-03
 9818.000  7.956429e-03
 9820.000  7.953188e-03
 9822.000  7.949950e-03
 9824.000  8.661279e-03
 9826.000  8.657754e-03
 9828.000  8.654231e-03
 9830.000  8.650710e-03
 9832.000  8.647190e-03
 9834.000  6.905877e-03
 9836.000  6.903069e-03
 9838.000  6.900263e-03
 9840.000  6.897457e-03
 9842.000  6.894655e-03
 9844.000  6.941507e-03
 9846.000  6.938688e-03
 9848.000  6.935869e-03
 9850.000  6.933053e-03
 9852.000  6.930238e-03
 9854.000  1.001203e-02
 9856.000  1.000797e-02
 9858.000  1.000391e-02
 9860.000  9.999853e-03
 9862.000  6.489311e-03
 9864.000  6.486680e-03
 9866.000  6.484050e-03
 9868.000  6.481422e-03
 9870.000  6.478796e-03
 9872.000  5.766895e-03
 9874.000  5.764559e-03
 9876.000  5.762224e-03
 9878.000  5.759891e-03
 9880.000  5.757559e-03
 9882.000  6.189906e-03
 9884.000  6.187401e-03
 9886.000  6.184898e-03
 9888.000  6.182396e-03
 9890.000  6.179896e-03
 9892.000  9.216789e-03
 9894.000  9.213064e-03
 9896.000  9.209340e-03
 9898.000  9.205619e-03
 9900.000  9.201899e-03
 9902.000  6.249833e-03
 9904.000  6.247309e-03
 9906.000  6.244787e-03
 9908.000  6.242266e-03
 9910.000  6.239747e-03
 9912.000  5.011641e-03
 9914.000  5.009620e-03
 9916.000  5.007599e-03
 9918.000  5.005579e-03
 9920.000  5.003561e-03
 9922.000  5.474539e-03
 9924.000  5.472332e-03
 9926.000  5.470127e-03
 9928.000  5.467923e-03
 9930.000  5.465721e-03
 9932.000  4.664753e-03
 9934.000  4.662875e-03
 9936.000  4.660998e-03
 9938.000  4.659122e-03
 9940.000  4.657248e-03
 9942.000  4.591083e-03
 9944.000  4.589236e-03
 9946.000  4.587390e-03
 9948.000  4.585546e-03
 9950.000  4.583703e-03
 9952.000  5.340720e-03
 9954.000  5.338574e-03
 9956.000  5.336429e-03
 9958.000  5.334286e-03
 9960.000  5.332144e-03
 9962.000  5.353036e-03
 9964.000  5.350887e-03
 9966.000  5.348740e-03
 9968.000  5.346594e-03
 9970.000  5.344449e-03
 9972.000  4.372486e-03
 9974.000  4.370733e-03
 9976.000  4.368980e-03
 9978.000  4.367229e-03
 9980.000  4.365479e-03
 9982.000  3.924597e-03
 9984.000  3.923024e-03
 9986.000  3.921453e-03
 9988.000  3.919883e-03
 9990.000  3.918313e-03
 9992.000  5.200906e-03
 9994.000  5.198825e-03
 9996.000  5.196745e-03
 9998.000  5.194666e-03
10000.000  4.225025e-03
10002.000  4.223336e-03
10004.000  4.221647e-03
10006.000  4.219959e-03
10008.000  4.218273e-03
10010.000  4.216588e-03
10012.000  5.070844e-03
10014.000  5.068819e-03
10016.000  5.066794e-03
10018.000  5.064772e-03
10020.000  5.062750e-03
10022.000  3.816346e-03
10024.000  3.814823e-03
10026.000  3.813301e-03
10028.000  3.811780e-03
10030.000  3.810260e-03
10032.000  3.317133e-03
10034.000  3.315811e-03
10036.000  3.314489e-03
10038.000  3.313169e-03
10040.000  3.311849e-03
10042.000  3.541229e-03
10044.000  3.539818e-03
10046.000  3.538409e-03
10048.000  3.537000e-03
10050.000  3.535593e-03
10052.000  3.649710e-03
10054.000  3.648259e-03
10056.000  3.646808e-03
10058.000  3.645358e-03
10060.000  3.643908e-03
10062.000  3.138897e-03
10064.000  3.137650e-03
10066.000  3.136403e-03
10068.000  3.135157e-03
10070.000  3.133912e-03
10072.000  3.225437e-03
10074.000  3.224157e-03
10076.000  3.222877e-03
10078.000  3.221598e-03
10080.000  3.220320e-03
10082.000  3.232893e-03
10084.000  3.231611e-03
10086.000  3.230329e-03
10088.000  3.229048e-03
10090.000  3.227768e-03
10092.000  3.314319e-03
10094.000  3.313006e-03
10096.000  3.311693e-03
10098.000  3.310382e-03
10100.000  3.309071e-03
10102.000  3.088759e-03
10104.000  3.087536e-03
10106.000  3.086315e-03
10108.000  3.085093e-03
10110.000  3.083873e-03
10112.000  3.137303e-03
10114.000  3.136063e-03
10116.000  3.134822e-03
10118.000  3.133584e-03
10120.000  3.132345e-03
10122.000  3.164232e-03
10124.000  3.162982e-03
10126.000  3.161733e-03
10128.000  3.160484e-03
10130.000  3.159236e-03
10132.000  3.192822e-03
10134.000  3.191562e-03
10136.000  3.190302e-03
10138.000  3.189044e-03
10140.000  3.187786e-03
10142.000  3.111546e-03
10144.000  3.110319e-03
10146.000  3.109093e-03
10148.000  3.107867e-03
10150.000  3.106643e-03
10152.000  3.105419e-03
10154.000  3.825394e-03
10156.000  3.823887e-03
10158.000  3.822382e-03
10160.000  3.820877e-03
10162.000  3.819373e-03
10164.000  3.397154e-03
10166.000  3.395818e-03
10168.000  3.394482e-03
10170.000  3.393147e-03
10172.000  3.391813e-03
10174.000  3.561765e-03
10176.000  3.560365e-03
10178.000  3.558966e-03
10180.000  3.557567e-03
10182.000  3.556170e-03
10184.000  3.403046e-03
10186.000  3.401710e-03
10188.000  3.400374e-03
10190.000  3.399040e-03
10192.000  3.397706e-03
10194.000  3.550740e-03
10196.000  3.549347e-03
10198.000  3.547955e-03
10200.000  3.546564e-03
10202.000  3.545173e-03
10204.000  3.543784e-03
10206.000  3.807669e-03
10208.000  3.806177e-03
10210.000  3.804686e-03
10212.000  3.803196e-03
10214.000  3.801707e-03
10216.000  4.032893e-03
10218.000  4.031315e-03
10220.000  4.029737e-03
10222.000  4.028161e-03
10224.000  4.026584e-03
10226.000  5.587644e-03
10228.000  5.585459e-03
10230.000  5.583276e-03
10232.000  5.581093e-03
10234.000  5.578912e-03
10236.000  4.236264e-03
10238.000  4.234610e-03
10240.000  4.232955e-03
10242.000  4.231303e-03
10244.000  4.229650e-03
10246.000  5.825340e-03
10248.000  5.823066e-03
10250.000  5.820794e-03
10252.000  5.818523e-03
10254.000  5.816254e-03
10256.000  5.813985e-03
10258.000  4.905491e-03
10260.000  4.903578e-03
10262.000  4.901667e-03
10264.000  4.899757e-03
10266.000  4.897848e-03
10268.000  6.547397e-03
10270.000  6.544847e-03
10272.000  6.542298e-03
10274.000  6.539752e-03
10276.000  6.537206e-03
10278.000  3.308800e-03
10280.000  3.307512e-03
10282.000  3.306226e-03
10284.000  3.304940e-03
10286.000  3.303655e-03
10288.000  3.302371e-03
10290.000  6.112294e-03
10292.000  6.109918e-03
10294.000  6.107545e-03
10296.000  6.105172e-03
10298.000  6.102801e-03
10300.000  4.534894e-03
10302.000  4.533134e-03
10304.000  4.531374e-03
10306.000  4.529616e-03
10308.000  4.527858e-03
10310.000  3.956690e-03
10312.000  3.955156e-03
10314.000  3.953622e-03
10316.000  3.952089e-03
10318.000  3.950557e-03
10320.000  2.997492e-03
10322.000  2.996331e-03
10324.000  2.995170e-03
10326.000  2.994010e-03
10328.000  2.992850e-03
10330.000  2.991692e-03
10332.000  4.146701e-03
10334.000  4.145096e-03
10336.000  4.143492e-03
10338.000  4.141889e-03
10340.000  4.140287e-03
10342.000  4.745264e-03
10344.000  4.743429e-03
10346.000  4.741596e-03
10348.000  4.739763e-03
10350.000  4.737931e-03
10352.000  3.448927e-03
10354.000  3.447594e-03
10356.000  3.446263e-03
10358.000  3.444932e-03
10360.000  3.443602e-03
10362.000  3.442273e-03
10364.000  3.542571e-03
10366.000  3.541204e-03
10368.000  3.539838e-03
10370.000  3.538473e-03
10372.000  3.537108e-03
10374.000  3.256930e-03
10376.000  3.255674e-03
10378.000  3.254420e-03
10380.000  3.253165e-03
10382.000  3.251912e-03
10384.000  3.250660e-03
10386.000  2.791719e-03
10388.000  2.790644e-03
10390.000  2.789570e-03
10392.000  2.788496e-03
10394.000  2.787423e-03
10396.000  3.176437e-03
10398.000  3.175216e-03
10400.000  3.173995e-03
10402.000  3.172774e-03
10404.000  3.171554e-03
10406.000  2.927779e-03
10408.000  2.926654e-03
10410.000  2.925529e-03
10412.000  2.924406e-03
10414.000  2.923283e-03
10416.000  2.922160e-03
10418.000  4.208216e-03
10420.000  4.206601e-03
10422.000  4.204987e-03
10424.000  4.203373e-03
10426.000  4.201761e-03
10428.000  2.952557e-03
10430.000  2.951425e-03
10432.000  2.950293e-03
10434.000  2.949163e-03
10436.000  2.948032e-03
10438.000  2.946903e-03
10440.000  3.464790e-03
10442.000  3.463463e-03
10444.000  3.462137e-03
10446.000  3.460811e-03
10448.000  3.459486e-03
10450.000  3.757220e-03
10452.000  3.755782e-03
10454.000  3.754345e-03
10456.000  3.752909e-03
10458.000  3.751474e-03
10460.000  3.750039e-03
10462.000  5.861947e-03
10464.000  5.859706e-03
10466.000  5.857467e-03
10468.000  5.855229e-03
10470.000  5.852992e-03
10472.000  4.394555e-03
10474.000  4.392877e-03
10476.000  4.391200e-03
10478.000  4.389524e-03
10480.000  4.387849e-03
10482.000  4.386174e-03
10484.000  5.523438e-03
10486.000  5.521331e-03
10488.000  5.519225e-03
10490.000  5.517121e-03
10492.000  5.515018e-03
10494.000  4.084701e-03
10496.000  4.083144e-03
10498.000  4.081589e-03
10500.000  4.080034e-03
10502.000  4.078480e-03
10504.000  4.076927e-03
10506.000  4.231781e-03
10508.000  4.230170e-03
10510.000  4.228560e-03
10512.000  4.226951e-03
10514.000  4.225343e-03
10516.000  3.100188e-03
10518.000  3.099009e-03
10520.000  3.097831e-03
10522.000  3.096654e-03
10524.000  3.095477e-03
10526.000  3.094301e-03
10528.000  4.535231e-03
10530.000  4.533509e-03
10532.000  4.531787e-03
10534.000  4.530066e-03
10536.000  4.528346e-03
10538.000  9.324668e-03
10540.000  9.321129e-03
10542.000  9.317593e-03
10544.000  9.314058e-03
10546.000  9.310526e-03
10548.000  9.306995e-03
10550.000  4.995457e-03
10552.000  4.993564e-03
10554.000  4.991672e-03
10556.000  4.989780e-03
10558.000  4.987890e-03
10560.000  3.922170e-03
10562.000  3.920684e-03
10564.000  3.919200e-03
10566.000  3.917716e-03
10568.000  3.916233e-03
10570.000  3.914752e-03
10572.000  4.011262e-03
10574.000  4.009745e-03
10576.000  4.008228e-03
10578.000  4.006713e-03
10580.000  4.005198e-03
10582.000  4.003684e-03
10584.000  5.075414e-03
10586.000  5.073497e-03
10588.000  5.071580e-03
10590.000  5.069665e-03
10592.000  5.067750e-03
10594.000  3.205558e-03
10596.000  3.204348e-03
10598.000  3.203138e-03
10600.000  3.201930e-03
10602.000  3.200722e-03
10604.000  3.199515e-03
10606.000  4.287928e-03
10608.000  4.286312e-03
10610.000  4.284696e-03
10612.000  4.283081e-03
10614.000  4.281467e-03
10616.000  3.821237e-03
10618.000  3.819797e-03
10620.000  3.818359e-03
10622.000  3.816921e-03
10624.000  3.815484e-03
10626.000  3.814048e-03
10628.000  4.563014e-03
10630.000  4.561297e-03
10632.000  4.559581e-03
10634.000  4.557866e-03
10636.000  4.556152e-03
10638.000  4.554439e-03
10640.000  3.132825e-03
10642.000  3.131648e-03
10644.000  3.130471e-03
10646.000  3.129295e-03
10648.000  3.128119e-03
10650.000  4.127434e-03
10652.000  4.125885e-03
10654.000  4.124336e-03
10656.000  4.122788e-03
10658.000  4.121241e-03
10660.000  4.119694e-03
10662.000  3.305287e-03
10664.000  3.304047e-03
10666.000  3.302808e-03
10668.000  3.301570e-03
10670.000  3.300333e-03
10672.000  3.299096e-03
10674.000  3.972547e-03
10676.000  3.971058e-03
10678.000  3.969571e-03
10680.000  3.968085e-03
10682.000  3.966599e-03
10684.000  3.241181e-03
10686.000  3.239968e-03
10688.000  3.238755e-03
10690.000  3.237544e-03
10692.000  3.236332e-03
10694.000  3.235122e-03
10696.000  3.791996e-03
10698.000  3.790579e-03
10700.000  3.789162e-03
10702.000  3.787746e-03
10704.000  3.786330e-03
10706.000  3.784916e-03
10708.000  3.339816e-03
10710.000  3.338569e-03
10712.000  3.337323e-03
10714.000  3.336077e-03
10716.000  3.334831e-03
10718.000  3.333587e-03
10720.000  3.672365e-03
10722.000  3.670996e-03
10724.000  3.669626e-03
10726.000  3.668258e-03
10728.000  3.666890e-03
10730.000  3.399890e-03
10732.000  3.398623e-03
10734.000  3.397356e-03
10736.000  3.396091e-03
10738.000  3.394826e-03
10740.000  3.393561e-03
10742.000  3.415131e-03
10744.000  3.413860e-03
10746.000  3.412589e-03
10748.000  3.411319e-03
10750.000  3.410050e-03
10752.000  3.408781e-03
10754.000  3.599654e-03
10756.000  3.598315e-03
10758.000  3.596977e-03
10760.000  3.595640e-03
10762.000  3.594304e-03
10764.000  3.592968e-03
10766.000  3.751660e-03
10768.000  3.750267e-03
10770.000  3.748874e-03
10772.000  3.747482e-03
10774.000  3.746091e-03
10776.000  3.401986e-03
10778.000  3.400724e-03
10780.000  3.399462e-03
10782.000  3.398201e-03
10784.000  3.396940e-03
10786.000  3.395681e-03
10788.000  3.387413e-03
10790.000  3.386158e-03
10792.000  3.384903e-03
10794.000  3.383649e-03
10796.000  3.382395e-03
10798.000  3.381142e-03
10800.000  5.709548e-03
10802.000  5.707434e-03
10804.000  5.705321e-03
10806.000  5.703209e-03
10808.000  5.701099e-03
10810.000  5.698990e-03
10812.000  5.834883e-03
10814.000  5.832725e-03
10816.000  5.830568e-03
10818.000  5.828412e-03
10820.000  5.826258e-03
10822.000  5.824104e-03
10824.000  3.512956e-03
10826.000  3.511658e-03
10828.000  3.510361e-03
10830.000  3.509065e-03
10832.000  3.507769e-03
10834.000  3.506474e-03
10836.000  8.100748e-03
10838.000  8.097759e-03
10840.000  8.094771e-03
10842.000  8.091785e-03
10844.000  8.088800e-03
10846.000  5.194437e-03
10848.000  5.192521e-03
10850.000  5.190607e-03
10852.000  5.188694e-03
10854.000  5.186782e-03
10856.000  5.184871e-03
10858.000  3.577675e-03
10860.000  3.576357e-03
10862.000  3.575040e-03
10864.000  3.573724e-03
10866.000  3.572409e-03
10868.000  3.571094e-03
10870.000  3.385221e-03
10872.000  3.383975e-03
10874.000  3.382731e-03
10876.000  3.381487e-03
10878.000  3.380244e-03
10880.000  3.379001e-03
10882.000  4.890948e-03
10884.000  4.889151e-03
10886.000  4.887354e-03
10888.000  4.885559e-03
10890.000  4.883765e-03
10892.000  4.881971e-03
10894.000  3.396244e-03
10896.000  3.394997e-03
10898.000  3.393752e-03
10900.000  3.392506e-03
10902.000  3.391262e-03
10904.000  3.390018e-03
10906.000  3.436446e-03
10908.000  3.435186e-03
10910.000  3.433927e-03
10912.000  3.432668e-03
10914.000  3.431410e-03
10916.000  3.430153e-03
10918.000  3.404249e-03
10920.000  3.403002e-03
10922.000  3.401757e-03
10924.000  3.400511e-03
10926.000  3.399266e-03
10928.000  3.398022e-03
10930.000  3.815913e-03
10932.000  3.814517e-03
10934.000  3.813121e-03
10936.000  3.811727e-03
10938.000  3.810333e-03
10940.000  3.808940e-03
10942.000  4.230389e-03
10944.000  4.228843e-03
10946.000  4.227298e-03
10948.000  4.225754e-03
10950.000  4.224211e-03
10952.000  4.222668e-03
10954.000  3.501409e-03
10956.000  3.500130e-03
10958.000  3.498853e-03
10960.000  3.497576e-03
10962.000  3.496300e-03
10964.000  3.495025e-03
10966.000  3.549267e-03
10968.000  3.547973e-03
10970.000  3.546679e-03
10972.000  3.545386e-03
10974.000  3.544094e-03
10976.000  3.542803e-03
10978.000  4.308252e-03
10980.000  4.306682e-03
10982.000  4.305114e-03
10984.000  4.303546e-03
10986.000  4.301980e-03
10988.000  4.300414e-03
10990.000  6.914616e-03
10992.000  6.912100e-03
10994.000  6.909585e-03
10996.000  6.907071e-03
10998.000  6.904560e-03
11000.000  6.902049e-03
11002.000  8.319386e-03
11004.000  8.316362e-03
11006.000  8.313340e-03
11008.000  8.310320e-03
11010.000  8.307301e-03
11012.000  8.304284e-03
11014.000  3.761831e-03
11016.000  3.760465e-03
11018.000  3.759100e-03
11020.000  3.757736e-03
11022.000  3.756372e-03
11024.000  3.755010e-03
11026.000  5.887212e-03
11028.000  5.885077e-03
11030.000  5.882943e-03
11032.000  5.880810e-03
11034.000  5.878678e-03
11036.000  5.876548e-03
11038.000  3.858188e-03
11040.000  3.856790e-03
11042.000  3.855394e-03
11044.000  3.853997e-03
11046.000  3.852602e-03
11048.000  3.851207e-03
11050.000  3.550340e-03
11052.000  3.549055e-03
11054.000  3.547771e-03
11056.000  3.546487e-03
11058.000  3.545205e-03
11060.000  3.543922e-03
11062.000  3.520733e-03
11064.000  3.519460e-03
11066.000  3.518188e-03
11068.000  3.516916e-03
11070.000  3.515646e-03
11072.000  3.514376e-03
11074.000  3.513106e-03
11076.000  3.682288e-03
11078.000  3.680958e-03
11080.000  3.679630e-03
11082.000  3.678302e-03
11084.000  3.676974e-03
11086.000  3.675648e-03
11088.000  3.507904e-03
11090.000  3.506639e-03
11092.000  3.505375e-03
11094.000  3.504111e-03
11096.000  3.502848e-03
11098.000  3.501585e-03
11100.000  3.569759e-03
11102.000  3.568474e-03
11104.000  3.567188e-03
11106.000  3.565903e-03
11108.000  3.564619e-03
11110.000  3.563336e-03
11112.000  3.539227e-03
11114.000  3.537953e-03
11116.000  3.536680e-03
11118.000  3.535408e-03
11120.000  3.534136e-03
11122.000  3.532865e-03
11124.000  3.642921e-03
11126.000  3.641612e-03
11128.000  3.640303e-03
11130.000  3.638995e-03
11132.000  3.637687e-03
11134.000  3.636380e-03
11136.000  4.058487e-03
11138.000  4.057030e-03
11140.000  4.055573e-03
11142.000  4.054117e-03
11144.000  4.052662e-03
11146.000  4.051208e-03
11148.000  4.049754e-03
11150.000  3.833278e-03
11152.000  3.831903e-03
11154.000  3.830529e-03
11156.000  3.829155e-03
11158.000  3.827783e-03
11160.000  3.826411e-03
11162.000  3.695536e-03
11164.000  3.694212e-03
11166.000  3.692889e-03
11168.000  3.691566e-03
11170.000  3.690244e-03
11172.000  3.688923e-03
11174.000  3.616252e-03
11176.000  3.614958e-03
11178.000  3.613665e-03
11180.000  3.612372e-03
11182.000  3.611080e-03
11184.000  3.609788e-03
11186.000  3.643917e-03
11188.000  3.642614e-03
11190.000  3.641312e-03
11192.000  3.640011e-03
11194.000  3.638710e-03
11196.000  3.637410e-03
11198.000  3.636111e-03
11200.000  3.667600e-03
11202.000  3.666290e-03
11204.000  3.664981e-03
11206.000  3.663673e-03
11208.000  3.662366e-03
11210.000  3.661059e-03
11212.000  5.068163e-03
11214.000  5.066356e-03
11216.000  5.064549e-03
11218.000  5.062744e-03
11220.000  5.060939e-03
11222.000  5.059135e-03
11224.000  4.721221e-03
11226.000  4.719539e-03
11228.000  4.717858e-03
11230.000  4.716177e-03
11232.000  4.714498e-03
11234.000  4.712820e-03
11236.000  4.052000e-03
11238.000  4.050558e-03
11240.000  4.049116e-03
11242.000  4.047676e-03
11244.000  4.046236e-03
11246.000  4.044797e-03
11248.000  4.043358e-03
11250.000  6.372319e-03
11252.000  6.370054e-03
11254.000  6.367790e-03
11256.000  6.365527e-03
11258.000  6.363266e-03
11260.000  6.361005e-03
11262.000  9.703693e-03
11264.000  9.700247e-03
11266.000  9.696803e-03
11268.000  9.693361e-03
11270.000  9.689922e-03
11272.000  9.686482e-03
11274.000  4.740598e-03
11276.000  4.738917e-03
11278.000  4.737236e-03
11280.000  4.735556e-03
11282.000  4.733877e-03
11284.000  4.732199e-03
11286.000  4.730523e-03
11288.000  3.917619e-03
11290.000  3.916231e-03
11292.000  3.914844e-03
11294.000  3.913458e-03
11296.000  3.912072e-03
11298.000  3.910687e-03
11300.000  4.437780e-03
11302.000  4.436210e-03
11304.000  4.434640e-03
11306.000  4.433072e-03
11308.000  4.431503e-03
11310.000  4.429936e-03
11312.000  4.428370e-03
11314.000  8.101624e-03
11316.000  8.098760e-03
11318.000  8.095898e-03
11320.000  8.093038e-03
11322.000  8.090178e-03
11324.000  8.087321e-03
11326.000  4.016483e-03
11328.000  4.015065e-03
11330.000  4.013647e-03
11332.000  4.012231e-03
11334.000  4.010815e-03
11336.000  4.009400e-03
11338.000  5.128840e-03
11340.000  5.127031e-03
11342.000  5.125223e-03
11344.000  5.123416e-03
11346.000  5.121610e-03
11348.000  5.119805e-03
11350.000  5.118001e-03
11352.000  4.223857e-03
11354.000  4.222369e-03
11356.000  4.220881e-03
11358.000  4.219395e-03
11360.000  4.217910e-03
11362.000  4.216425e-03
11364.000  4.102364e-03
11366.000  4.100921e-03
11368.000  4.099478e-03
11370.000  4.098035e-03
11372.000  4.096594e-03
11374.000  4.095154e-03
11376.000  4.093714e-03
11378.000  8.496487e-03
11380.000  8.493500e-03
11382.000  8.490516e-03
11384.000  8.487532e-03
11386.000  8.484551e-03
11388.000  8.481571e-03
11390.000  4.056846e-03
11392.000  4.055422e-03
11394.000  4.053998e-03
11396.000  4.052575e-03
11398.000  4.051154e-03
11400.000  4.049732e-03
11402.000  4.048312e-03
11404.000  3.937583e-03
11406.000  3.936203e-03
11408.000  3.934823e-03
11410.000  3.933444e-03
11412.000  3.932065e-03
11414.000  3.930687e-03
11416.000  3.971176e-03
11418.000  3.969785e-03
11420.000  3.968394e-03
11422.000  3.967005e-03
11424.000  3.965616e-03
11426.000  3.964228e-03
11428.000  3.962840e-03
11430.000  3.906978e-03
11432.000  3.905611e-03
11434.000  3.904245e-03
11436.000  3.902880e-03
11438.000  3.901515e-03
11440.000  3.900151e-03
11442.000  3.939279e-03
11444.000  3.937902e-03
11446.000  3.936526e-03
11448.000  3.935150e-03
11450.000  3.933776e-03
11452.000  3.932402e-03
11454.000  3.931029e-03
11456.000  4.135171e-03
11458.000  4.133728e-03
11460.000  4.132285e-03
11462.000  4.130843e-03
11464.000  4.129402e-03
11466.000  4.127962e-03
11468.000  9.894977e-03
11470.000  9.891528e-03
11472.000  9.888079e-03
11474.000  9.884632e-03
11476.000  9.881186e-03
11478.000  9.877744e-03
11480.000  9.874302e-03
11482.000  4.716509e-03
11484.000  4.714867e-03
11486.000  4.713225e-03
11488.000  4.711584e-03
11490.000  4.709944e-03
11492.000  4.708305e-03
11494.000  4.706666e-03
11496.000  4.034300e-03
11498.000  4.032897e-03
11500.000  4.031494e-03
11502.000  4.030093e-03
11504.000  4.028691e-03
11506.000  4.027291e-03
11508.000  3.996227e-03
11510.000  3.994839e-03
11512.000  3.993451e-03
11514.000  3.992063e-03
11516.000  3.990677e-03
11518.000  3.989291e-03
11520.000  3.987906e-03
11522.000  4.002655e-03
11524.000  4.001265e-03
11526.000  3.999877e-03
11528.000  3.998489e-03
11530.000  3.997102e-03
11532.000  3.995716e-03
11534.000  3.994330e-03
11536.000  4.146973e-03
11538.000  4.145535e-03
11540.000  4.144098e-03
11542.000  4.142663e-03
11544.000  4.141227e-03
11546.000  4.139793e-03
11548.000  8.463478e-03
11550.000  8.460547e-03
11552.000  8.457617e-03
11554.000  8.454690e-03
11556.000  8.451764e-03
11558.000  8.448838e-03
11560.000  8.445915e-03
11562.000  5.546573e-03
11564.000  5.544654e-03
11566.000  5.542737e-03
11568.000  5.540820e-03
11570.000  5.538905e-03
11572.000  5.536990e-03
11574.000  5.535077e-03
11576.000  4.090015e-03
11578.000  4.088602e-03
11580.000  4.087190e-03
11582.000  4.085779e-03
11584.000  4.084368e-03
11586.000  4.082958e-03
11588.000  4.075120e-03
11590.000  4.073714e-03
11592.000  4.072308e-03
11594.000  4.070904e-03
11596.000  4.069499e-03
11598.000  4.068096e-03
11600.000  4.066693e-03
11602.000  4.056864e-03
11604.000  4.055466e-03
11606.000  4.054068e-03
11608.000  4.052671e-03
11610.000  4.051275e-03
11612.000  4.049879e-03
11614.000  4.048485e-03
11616.000  4.093055e-03
11618.000  4.091646e-03
11620.000  4.090237e-03
11622.000  4.088830e-03
11624.000  4.087423e-03
11626.000  4.086017e-03
11628.000  4.442613e-03
11630.000  4.441085e-03
11632.000  4.439557e-03
11634.000  4.438031e-03
11636.000  4.436506e-03
11638.000  4.434981e-03
11640.000  4.433457e-03
11642.000  5.093276e-03
11644.000  5.091526e-03
11646.000  5.089778e-03
11648.000  5.088030e-03
11650.000  5.086283e-03
11652.000  5.084537e-03
11654.000  5.082792e-03
11656.000  4.192572e-03
11658.000  4.191134e-03
11660.000  4.189696e-03
11662.000  4.188259e-03
11664.000  4.186823e-03
11666.000  4.185388e-03
11668.000  4.183953e-03
11670.000  4.284428e-03
11672.000  4.282960e-03
11674.000  4.281492e-03
11676.000  4.280026e-03
11678.000  4.278560e-03
11680.000  4.277095e-03
11682.000  4.275630e-03
11684.000  4.923137e-03
11686.000  4.921452e-03
11688.000  4.919768e-03
11690.000  4.918084e-03
11692.000  4.916402e-03
11694.000  4.914721e-03
11696.000  1.162246e-02
11698.000  1.161848e-02
11700.000  1.161451e-02
11702.000  1.161054e-02
11704.000  1.160657e-02
11706.000  1.160261e-02
11708.000  1.159864e-02
11710.000  7.519410e-03
11712.000  7.516842e-03
11714.000  7.514276e-03
11716.000  7.511710e-03
11718.000  7.509146e-03
11720.000  7.506584e-03
11722.000  7.504023e-03
11724.000  1.650179e-02
11726.000  1.649616e-02
11728.000  1.649053e-02
11730.000  1.648491e-02
11732.000  1.647929e-02
11734.000  1.647368e-02
11736.000  1.646806e-02
11738.000  5.344464e-03
11740.000  5.342643e-03
11742.000  5.340823e-03
11744.000  5.339005e-03
11746.000  5.337187e-03
11748.000  5.335369e-03
11750.000  5.333553e-03
11752.000  4.973035e-03
11754.000  4.971343e-03
11756.000  4.969651e-03
11758.000  4.967961e-03
11760.000  4.966271e-03
11762.000  4.964582e-03
11764.000  4.962894e-03
11766.000  1.085554e-02
11768.000  1.085185e-02
11770.000  1.084816e-02
11772.000  1.084448e-02
11774.000  1.084080e-02
11776.000  1.083711e-02
11778.000  1.083343e-02
11780.000  4.598879e-03
11782.000  4.597318e-03
11784.000  4.595757e-03
11786.000  4.594198e-03
11788.000  4.592639e-03
11790.000  4.591081e-03
11792.000  4.589524e-03
11794.000  4.362301e-03
11796.000  4.360822e-03
11798.000  4.359344e-03
11800.000  4.357866e-03
11802.000  4.356389e-03
11804.000  4.354913e-03
11806.000  4.353438e-03
11808.000  4.334642e-03
11810.000  4.333174e-03
11812.000  4.331707e-03
11814.000  4.330240e-03
11816.000  4.328774e-03
11818.000  4.327309e-03
11820.000  4.325845e-03
11822.000  4.399082e-03
11824.000  4.397594e-03
11826.000  4.396107e-03
11828.000  4.394620e-03
11830.000  4.393134e-03
11832.000  4.391649e-03
11834.000  4.390165e-03
11836.000  4.309756e-03
11838.000  4.308300e-03
11840.000  4.306844e-03
11842.000  4.305390e-03
11844.000  4.303935e-03
11846.000  4.302483e-03
11848.000  4.301030e-03
11850.000  4.331911e-03
11852.000  4.330449e-03
11854.000  4.328988e-03
11856.000  4.327528e-03
11858.000  4.326068e-03
11860.000  4.324609e-03
11862.000  4.323151e-03
11864.000  4.786206e-03
11866.000  4.784593e-03
11868.000  4.782980e-03
11870.000  4.781369e-03
11872.000  4.779758e-03
11874.000  4.778148e-03
11876.000  4.776538e-03
11878.000  6.054661e-03
11880.000  6.052622e-03
11882.000  6.050585e-03
11884.000  6.048549e-03
11886.000  6.046513e-03
11888.000  6.044479e-03
11890.000  6.042446e-03
11892.000  7.302553e-03
11894.000  7.300097e-03
11896.000  7.297643e-03
11898.000  7.295190e-03
11900.000  7.292738e-03
11902.000  7.290287e-03
11904.000  7.287838e-03
11906.000  9.188866e-03
11908.000  9.185779e-03
11910.000  9.182694e-03
11912.000  9.179611e-03
11914.000  9.176530e-03
11916.000  9.173449e-03
11918.000  9.170371e-03
11920.000  4.581729e-03
11922.000  4.580192e-03
11924.000  4.578656e-03
11926.000  4.577120e-03
11928.000  4.575585e-03
11930.000  4.574052e-03
11932.000  4.572518e-03
11934.000  4.430602e-03
11936.000  4.429117e-03
11938.000  4.427634e-03
11940.000  4.426150e-03
11942.000  4.424668e-03
11944.000  4.423186e-03
11946.000  4.421705e-03
11948.000  4.426747e-03
11950.000  4.425265e-03
11952.000  4.423784e-03
11954.000  4.422304e-03
11956.000  4.420824e-03
11958.000  4.419346e-03
11960.000  4.417868e-03
11962.000  5.721818e-03
11964.000  5.719905e-03
11966.000  5.717994e-03
11968.000  5.716083e-03
11970.000  5.714172e-03
11972.000  5.712264e-03
11974.000  5.710355e-03
11976.000  5.708448e-03
11978.000  4.458455e-03
11980.000  4.456967e-03
11982.000  4.455479e-03
11984.000  4.453992e-03
11986.000  4.452506e-03
11988.000  4.451020e-03
11990.000  4.449536e-03
11992.000  4.435771e-03
11994.000  4.434292e-03
11996.000  4.432813e-03
11998.000  4.431336e-03
12000.000  4.429859e-03
12002.000  4.428382e-03
12004.000  4.426907e-03
12006.000  4.476456e-03
12008.000  4.474964e-03
12010.000  4.473474e-03
12012.000  4.471984e-03
12014.000  4.470496e-03
12016.000  4.469008e-03
12018.000  4.467520e-03
12020.000  4.501597e-03
12022.000  4.500099e-03
12024.000  4.498602e-03
12026.000  4.497106e-03
12028.000  4.495610e-03
12030.000  4.494116e-03
12032.000  4.492622e-03
12034.000  4.544170e-03
12036.000  4.542660e-03
12038.000  4.541150e-03
12040.000  4.539642e-03
12042.000  4.538134e-03
12044.000  4.536627e-03
12046.000  4.535120e-03
12048.000  4.533615e-03
12050.000  4.636460e-03
12052.000  4.634921e-03
12054.000  4.633384e-03
12056.000  4.631846e-03
12058.000  4.630310e-03
12060.000  4.628774e-03
12062.000  4.627239e-03
12064.000  5.347023e-03
12066.000  5.345250e-03
12068.000  5.343479e-03
12070.000  5.341708e-03
12072.000  5.339938e-03
12074.000  5.338170e-03
12076.000  5.336402e-03
12078.000  1.120852e-02
12080.000  1.120481e-02
12082.000  1.120110e-02
12084.000  1.119740e-02
12086.000  1.119369e-02
12088.000  1.118999e-02
12090.000  1.118628e-02
12092.000  5.061623e-03
12094.000  5.059949e-03
12096.000  5.058276e-03
12098.000  5.056604e-03
12100.000  5.054932e-03
12102.000  5.053262e-03
12104.000  5.051592e-03
12106.000  5.049923e-03
12108.000  7.859981e-03
12110.000  7.857385e-03
12112.000  7.854790e-03
12114.000  7.852198e-03
12116.000  7.849605e-03
12118.000  7.847014e-03
12120.000  7.844425e-03
12122.000  5.269984e-03
12124.000  5.268245e-03
12126.000  5.266508e-03
12128.000  5.264771e-03
12130.000  5.263035e-03
12132.000  5.261300e-03
12134.000  5.259566e-03
12136.000  4.755264e-03
12138.000  4.753697e-03
12140.000  4.752131e-03
12142.000  4.750565e-03
12144.000  4.749001e-03
12146.000  4.747437e-03
12148.000  4.745874e-03
12150.000  4.744311e-03
12152.000  4.751790e-03
12154.000  4.750227e-03
12156.000  4.748663e-03
12158.000  4.747101e-03
12160.000  4.745540e-03
12162.000  4.743979e-03
12164.000  4.742419e-03
12166.000  4.804046e-03
12168.000  4.802467e-03
12170.000  4.800889e-03
12172.000  4.799311e-03
12174.000  4.797735e-03
12176.000  4.796159e-03
12178.000  4.794583e-03
12180.000  4.793009e-03
12182.000  4.867572e-03
12184.000  4.865974e-03
12186.000  4.864377e-03
12188.000  4.862780e-03
12190.000  4.861185e-03
12192.000  4.859590e-03
12194.000  4.857996e-03
12196.000  4.694975e-03
12198.000  4.693436e-03
12200.000  4.691897e-03
12202.000  4.690359e-03
12204.000  4.688822e-03
12206.000  4.687286e-03
12208.000  4.685750e-03
12210.000  4.684215e-03
12212.000  4.974986e-03
12214.000  4.973358e-03
12216.000  4.971729e-03
12218.000  4.970102e-03
12220.000  4.968475e-03
12222.000  4.966849e-03
12224.000  4.965224e-03
12226.000  5.089235e-03
12228.000  5.087570e-03
12230.000  5.085906e-03
12232.000  5.084243e-03
12234.000  5.082581e-03
12236.000  5.080920e-03
12238.000  5.079259e-03
12240.000  4.991168e-03
12242.000  4.989538e-03
12244.000  4.987908e-03
12246.000  4.986279e-03
12248.000  4.984650e-03
12250.000  4.983023e-03
12252.000  4.981396e-03
12254.000  4.979770e-03
12256.000  5.780685e-03
12258.000  5.778799e-03
12260.000  5.776913e-03
12262.000  5.775029e-03
12264.000  5.773146e-03
12266.000  5.771263e-03
12268.000  5.769382e-03
12270.000  1.152155e-02
12272.000  1.151780e-02
12274.000  1.151405e-02
12276.000  1.151029e-02
12278.000  1.150654e-02
12280.000  1.150280e-02
12282.000  1.149905e-02
12284.000  1.149531e-02
12286.000  9.683093e-03
12288.000  9.679941e-03
12290.000  9.676791e-03
12292.000  9.673642e-03
12294.000  9.670495e-03
12296.000  9.667349e-03
12298.000  9.664205e-03
12300.000  9.661063e-03
12302.000  5.646358e-03
12304.000  5.644523e-03
12306.000  5.642688e-03
12308.000  5.640855e-03
12310.000  5.639022e-03
12312.000  5.637190e-03
12314.000  5.635359e-03
12316.000  5.049683e-03
12318.000  5.048044e-03
12320.000  5.046404e-03
12322.000  5.044767e-03
12324.000  5.043129e-03
12326.000  5.041493e-03
12328.000  5.039857e-03
12330.000  5.038222e-03
12332.000  5.543212e-03
12334.000  5.541415e-03
12336.000  5.539618e-03
12338.000  5.537822e-03
12340.000  5.536027e-03
12342.000  5.534234e-03
12344.000  5.532440e-03
12346.000  5.898852e-03
12348.000  5.896941e-03
12350.000  5.895032e-03
12352.000  5.893123e-03
12354.000  5.891215e-03
12356.000  5.889308e-03
12358.000  5.887402e-03
12360.000  5.885497e-03
12362.000  1.165497e-02
12364.000  1.165120e-02
12366.000  1.164743e-02
12368.000  1.164366e-02
12370.000  1.163990e-02
12372.000  1.163614e-02
12374.000  1.163237e-02
12376.000  1.162862e-02
12378.000  6.791625e-03
12380.000  6.789431e-03
12382.000  6.787237e-03
12384.000  6.785045e-03
12386.000  6.782854e-03
12388.000  6.780664e-03
12390.000  6.778475e-03
12392.000  7.007023e-03
12394.000  7.004763e-03
12396.000  7.002502e-03
12398.000  7.000243e-03
12400.000  6.997985e-03
12402.000  6.995728e-03
12404.000  6.993472e-03
12406.000  6.991218e-03
12408.000  6.135754e-03
12410.000  6.133777e-03
12412.000  6.131800e-03
12414.000  6.129825e-03
12416.000  6.127850e-03
12418.000  6.125876e-03
12420.000  6.123903e-03
12422.000  6.121932e-03
12424.000  6.718432e-03
12426.000  6.716270e-03
12428.000  6.714108e-03
12430.000  6.711948e-03
12432.000  6.709788e-03
12434.000  6.707630e-03
12436.000  6.705473e-03
12438.000  1.537466e-02
12440.000  1.536972e-02
12442.000  1.536478e-02
12444.000  1.535984e-02
12446.000  1.535490e-02
12448.000  1.534997e-02
12450.000  1.534504e-02
12452.000  1.534011e-02
12454.000  8.636542e-03
12456.000  8.633768e-03
12458.000  8.630997e-03
12460.000  8.628226e-03
12462.000  8.625457e-03
12464.000  8.622688e-03
12466.000  8.619922e-03
12468.000  8.617157e-03
12470.000  6.509971e-03
12472.000  6.507883e-03
12474.000  6.505796e-03
12476.000  6.503711e-03
12478.000  6.501626e-03
12480.000  6.499542e-03
12482.000  6.497459e-03
12484.000  6.495378e-03
12486.000  6.597955e-03
12488.000  6.595841e-03
12490.000  6.593729e-03
12492.000  6.591618e-03
12494.000  6.589508e-03
12496.000  6.587399e-03
12498.000  6.585291e-03
12500.000  1.056705e-02
12502.000  1.056367e-02
12504.000  1.056029e-02
12506.000  1.055691e-02
12508.000  1.055354e-02
12510.000  1.055016e-02
12512.000  1.054679e-02
12514.000  1.054342e-02
12516.000  1.910189e-02
12518.000  1.909579e-02
12520.000  1.908969e-02
12522.000  1.908359e-02
12524.000  1.907749e-02
12526.000  1.907140e-02
12528.000  1.906531e-02
12530.000  1.905923e-02
12532.000  1.201957e-02
12534.000  1.201574e-02
12536.000  1.201190e-02
12538.000  1.200807e-02
12540.000  1.200424e-02
12542.000  1.200041e-02
12544.000  1.199659e-02
12546.000  1.199276e-02
12548.000  1.266370e-02
12550.000  1.265966e-02
12552.000  1.265563e-02
12554.000  1.265159e-02
12556.000  1.264756e-02
12558.000  1.264353e-02
12560.000  1.263951e-02
12562.000  1.263548e-02
12564.000  1.497006e-02
12566.000  1.496529e-02
12568.000  1.496053e-02
12570.000  1.495577e-02
12572.000  1.495101e-02
12574.000  1.494626e-02
12576.000  1.494150e-02
12578.000  1.493675e-02
12580.000  9.537541e-03
12582.000  9.534510e-03
12584.000  9.531478e-03
12586.000  9.528450e-03
12588.000  9.525422e-03
12590.000  9.522396e-03
12592.000  9.519371e-03
12594.000  9.516348e-03
12596.000  1.152238e-02
12598.000  1.151872e-02
12600.000  1.151507e-02
12602.000  1.151141e-02
12604.000  1.150776e-02
12606.000  1.150411e-02
12608.000  1.150046e-02
12610.000  1.149681e-02
12612.000  1.017435e-02
12614.000  1.017112e-02
12616.000  1.016790e-02
12618.000  1.016467e-02
12620.000  1.016145e-02
12622.000  1.015823e-02
12624.000  1.015501e-02
12626.000  1.015180e-02
12628.000  1.295491e-02
12630.000  1.295081e-02
12632.000  1.294671e-02
12634.000  1.294261e-02
12636.000  1.293851e-02
12638.000  1.293442e-02
12640.000  1.293033e-02
12642.000  1.292623e-02
12644.000  5.882756e-03
12646.000  5.880896e-03
12648.000  5.879036e-03
12650.000  5.877177e-03
12652.000  5.875319e-03
12654.000  5.873463e-03
12656.000  5.871606e-03
12658.000  5.869751e-03
12660.000  5.693666e-03
12662.000  5.691868e-03
12664.000  5.690070e-03
12666.000  5.688273e-03
12668.000  5.686477e-03
12670.000  5.684682e-03
12672.000  5.682888e-03
12674.000  5.681095e-03
12676.000  5.874023e-03
12678.000  5.872170e-03
12680.000  5.870318e-03
12682.000  5.868467e-03
12684.000  5.866616e-03
12686.000  5.864766e-03
12688.000  5.862918e-03
12690.000  5.861070e-03
12692.000  5.925715e-03
12694.000  5.923848e-03
12696.000  5.921982e-03
12698.000  5.920116e-03
12700.000  5.918252e-03
12702.000  5.916388e-03
12704.000  5.914526e-03
12706.000  5.912664e-03
12708.000  6.365111e-03
12710.000  6.363108e-03
12712.000  6.361105e-03
12714.000  6.359105e-03
12716.000  6.357104e-03
12718.000  6.355105e-03
12720.000  6.353107e-03
12722.000  6.351110e-03
12724.000  7.924990e-03
12726.000  7.922499e-03
12728.000  7.920009e-03
12730.000  7.917521e-03
12732.000  7.915033e-03
12734.000  7.912547e-03
12736.000  7.910063e-03
12738.000  7.907579e-03
12740.000  1.716664e-02
12742.000  1.716125e-02
12744.000  1.715587e-02
12746.000  1.715048e-02
12748.000  1.714510e-02
12750.000  1.713972e-02
12752.000  1.713435e-02
12754.000  1.712897e-02
12756.000  8.612143e-03
12758.000  8.609443e-03
12760.000  8.606745e-03
12762.000  8.604047e-03
12764.000  8.601351e-03
12766.000  8.598656e-03
12768.000  8.595962e-03
12770.000  8.593271e-03
12772.000  6.691600e-03
12774.000  6.689505e-03
12776.000  6.687410e-03
12778.000  6.685317e-03
12780.000  6.683225e-03
12782.000  6.681134e-03
12784.000  6.679043e-03
12786.000  6.676954e-03
12788.000  6.168800e-03
12790.000  6.166871e-03
12792.000  6.164943e-03
12794.000  6.163016e-03
12796.000  6.161089e-03
12798.000  6.159164e-03
12800.000  6.157239e-03
12802.000  6.155316e-03
12804.000  6.153393e-03
12806.000  6.622612e-03
12808.000  6.620544e-03
12810.000  6.618476e-03
12812.000  6.616410e-03
12814.000  6.614345e-03
12816.000  6.612281e-03
12818.000  6.610218e-03
12820.000  6.608155e-03
12822.000  1.156218e-02
12824.000  1.155858e-02
12826.000  1.155497e-02
12828.000  1.155137e-02
12830.000  1.154777e-02
12832.000  1.154417e-02
12834.000  1.154057e-02
12836.000  1.153698e-02
12838.000  7.667852e-03
12840.000  7.665463e-03
12842.000  7.663076e-03
12844.000  7.660690e-03
12846.000  7.658305e-03
12848.000  7.655920e-03
12850.000  7.653538e-03
12852.000  7.651155e-03
12854.000  1.146940e-02
12856.000  1.146583e-02
12858.000  1.146226e-02
12860.000  1.145870e-02
12862.000  1.145514e-02
12864.000  1.145157e-02
12866.000  1.144801e-02
12868.000  1.144446e-02
12870.000  1.144090e-02
12872.000  1.229683e-02
12874.000  1.229301e-02
12876.000  1.228919e-02
12878.000  1.228537e-02
12880.000  1.228156e-02
12882.000  1.227774e-02
12884.000  1.227393e-02
12886.000  1.227012e-02
12888.000  1.392528e-02
12890.000  1.392096e-02
12892.000  1.391664e-02
12894.000  1.391232e-02
12896.000  1.390801e-02
12898.000  1.390370e-02
12900.000  1.389938e-02
12902.000  1.389508e-02
12904.000  7.537371e-03
12906.000  7.535035e-03
12908.000  7.532700e-03
12910.000  7.530367e-03
12912.000  7.528034e-03
12914.000  7.525702e-03
12916.000  7.523372e-03
12918.000  7.521043e-03
12920.000  6.596597e-03
12922.000  6.594555e-03
12924.000  6.592514e-03
12926.000  6.590474e-03
12928.000  6.588435e-03
12930.000  6.586398e-03
12932.000  6.584360e-03
12934.000  6.582324e-03
12936.000  6.580289e-03
12938.000  7.291489e-03
12940.000  7.289235e-03
12942.000  7.286983e-03
12944.000  7.284731e-03
12946.000  7.282480e-03
12948.000  7.280231e-03
12950.000  7.277982e-03
12952.000  7.275735e-03
12954.000  7.585651e-03
12956.000  7.583309e-03
12958.000  7.580969e-03
12960.000  7.578629e-03
12962.000  7.576290e-03
12964.000  7.573952e-03
12966.000  7.571616e-03
12968.000  7.569281e-03
12970.000  7.566947e-03
12972.000  1.079800e-02
12974.000  1.079467e-02
12976.000  1.079134e-02
12978.000  1.078802e-02
12980.000  1.078469e-02
12982.000  1.078137e-02
12984.000  1.077805e-02
12986.000  1.077473e-02
12988.000  1.072162e-02
12990.000  1.071832e-02
12992.000  1.071502e-02
12994.000  1.071172e-02
12996.000  1.070842e-02
12998.000  1.070513e-02
13000.000  1.070183e-02
13002.000  1.069854e-02
13004.000  1.057691e-02
13006.000  1.057366e-02
13008.000  1.057041e-02
13010.000  1.056716e-02
13012.000  1.056391e-02
13014.000  1.056066e-02
13016.000  1.055742e-02
13018.000  1.055417e-02
13020.000  1.055093e-02
13022.000  9.464427e-03
13024.000  9.461520e-03
13026.000  9.458615e-03
13028.000  9.455711e-03
13030.000  9.452809e-03
13032.000  9.449908e-03
13034.000  9.447007e-03
13036.000  9.444109e-03
13038.000  9.095394e-03
13040.000  9.092604e-03
13042.000  9.089815e-03
13044.000  9.087028e-03
13046.000  9.084242e-03
13048.000  9.081458e-03
13050.000  9.078675e-03
13052.000  9.075892e-03
13054.000  9.073111e-03
13056.000  6.944703e-03
13058.000  6.942576e-03
13060.000  6.940450e-03
13062.000  6.938324e-03
13064.000  6.936200e-03
13066.000  6.934077e-03
13068.000  6.931955e-03
13070.000  6.929833e-03
13072.000  9.382687e-03
13074.000  9.379816e-03
13076.000  9.376947e-03
13078.000  9.374079e-03
13080.000  9.371213e-03
13082.000  9.368348e-03
13084.000  9.365483e-03
13086.000  9.362621e-03
13088.000  9.359760e-03
13090.000  1.001558e-02
13092.000  1.001252e-02
13094.000  1.000946e-02
13096.000  1.000640e-02
13098.000  1.000335e-02
13100.000  1.000029e-02
13102.000  9.997239e-03
13104.000  9.994187e-03
13106.000  9.991137e-03
13108.000  7.321550e-03
13110.000  7.319317e-03
13112.000  7.317084e-03
13114.000  7.314852e-03
13116.000  7.312621e-03
13118.000  7.310392e-03
13120.000  7.308163e-03
13122.000  7.305935e-03
13124.000  1.062305e-02
13126.000  1.061981e-02
13128.000  1.061657e-02
13130.000  1.061334e-02
13132.000  1.061011e-02
13134.000  1.060688e-02
13136.000  1.060365e-02
13138.000  1.060042e-02
13140.000  1.059719e-02
13142.000  1.159927e-02
13144.000  1.159574e-02
13146.000  1.159222e-02
13148.000  1.158869e-02
13150.000  1.158516e-02
13152.000  1.158164e-02
13154.000  1.157812e-02
13156.000  1.157460e-02
13158.000  8.878415e-03
13160.000  8.875716e-03
13162.000  8.873018e-03
13164.000  8.870322e-03
13166.000  8.867628e-03
13168.000  8.864935e-03
13170.000  8.862242e-03
13172.000  8.859551e-03
13174.000  8.856861e-03
13176.000  1.117855e-02
13178.000  1.117516e-02
13180.000  1.117177e-02
13182.000  1.116838e-02
13184.000  1.116499e-02
13186.000  1.116160e-02
13188.000  1.115822e-02
13190.000  1.115483e-02
13192.000  1.115145e-02
13194.000  1.344730e-02
13196.000  1.344323e-02
13198.000  1.343915e-02
13200.000  1.343508e-02
13202.000  1.343101e-02
13204.000  1.342694e-02
13206.000  1.342287e-02
13208.000  1.341881e-02
13210.000  1.341475e-02
13212.000  1.130886e-02
13214.000  1.130543e-02
13216.000  1.130201e-02
13218.000  1.129859e-02
13220.000  1.129517e-02
13222.000  1.129176e-02
13224.000  1.128834e-02
13226.000  1.128493e-02
13228.000  1.433849e-02
13230.000  1.433416e-02
13232.000  1.432982e-02
13234.000  1.432549e-02
13236.000  1.432116e-02
13238.000  1.431684e-02
13240.000  1.431251e-02
13242.000  1.430819e-02
13244.000  1.430387e-02
13246.000  1.847018e-02
13248.000  1.846460e-02
13250.000  1.845903e-02
13252.000  1.845346e-02
13254.000  1.844789e-02
13256.000  1.844232e-02
13258.000  1.843676e-02
13260.000  1.843120e-02
13262.000  1.842564e-02
13264.000  1.478120e-02
13266.000  1.477674e-02
13268.000  1.477229e-02
13270.000  1.476784e-02
13272.000  1.476339e-02
13274.000  1.475894e-02
13276.000  1.475449e-02
13278.000  1.475005e-02
13280.000  1.474560e-02
13282.000  1.703890e-02
13284.000  1.703377e-02
13286.000  1.702864e-02
13288.000  1.702352e-02
13290.000  1.701839e-02
13292.000  1.701327e-02
13294.000  1.700815e-02
13296.000  1.700304e-02
13298.000  1.592713e-02
13300.000  1.592234e-02
13302.000  1.591755e-02
13304.000  1.591277e-02
13306.000  1.590799e-02
13308.000  1.590320e-02
13310.000  1.589843e-02
13312.000  1.589365e-02
13314.000  1.588887e-02
13316.000  1.276406e-02
13318.000  1.276023e-02
13320.000  1.275640e-02
13322.000  1.275257e-02
13324.000  1.274874e-02
13326.000  1.274491e-02
13328.000  1.274109e-02
13330.000  1.273726e-02
13332.000  1.273344e-02
13334.000  1.541556e-02
13336.000  1.541094e-02
13338.000  1.540632e-02
13340.000  1.540170e-02
13342.000  1.539708e-02
13344.000  1.539246e-02
13346.000  1.538785e-02
13348.000  1.538324e-02
13350.000  1.537863e-02
13352.000  1.754952e-02
13354.000  1.754426e-02
13356.000  1.753901e-02
13358.000  1.753376e-02
13360.000  1.752851e-02
13362.000  1.752326e-02
13364.000  1.751802e-02
13366.000  1.751277e-02
13368.000  1.750753e-02
13370.000  1.403037e-02
13372.000  1.402617e-02
13374.000  1.402198e-02
13376.000  1.401778e-02
13378.000  1.401359e-02
13380.000  1.400940e-02
13382.000  1.400522e-02
13384.000  1.400103e-02
13386.000  1.399685e-02
13388.000  1.613885e-02
13390.000  1.613403e-02
13392.000  1.612921e-02
13394.000  1.612439e-02
13396.000  1.611958e-02
13398.000  1.611477e-02
13400.000  1.610996e-02
13402.000  1.610515e-02
13404.000  1.610034e-02
13406.000  1.722831e-02
13408.000  1.722317e-02
13410.000  1.721803e-02
13412.000  1.721290e-02
13414.000  1.720776e-02
13416.000  1.720263e-02
13418.000  1.719751e-02
13420.000  1.719238e-02
13422.000  1.718726e-02
13424.000  1.870149e-02
13426.000  1.869592e-02
13428.000  1.869035e-02
13430.000  1.868478e-02
13432.000  1.867922e-02
13434.000  1.867366e-02
13436.000  1.866810e-02
13438.000  1.866254e-02
13440.000  1.865699e-02
13442.000  1.696786e-02
13444.000  1.696281e-02
13446.000  1.695777e-02
13448.000  1.695272e-02
13450.000  1.694768e-02
13452.000  1.694264e-02
13454.000  1.693761e-02
13456.000  1.693257e-02
13458.000  1.692754e-02
13460.000  1.828727e-02
13462.000  1.828184e-02
13464.000  1.827641e-02
13466.000  1.827098e-02
13468.000  1.826556e-02
13470.000  1.826013e-02
13472.000  1.825471e-02
13474.000  1.824929e-02
13476.000  1.824388e-02
13478.000  1.927793e-02
13480.000  1.927221e-02
13482.000  1.926650e-02
13484.000  1.926078e-02
13486.000  1.925507e-02
13488.000  1.924936e-02
13490.000  1.924365e-02
13492.000  1.923795e-02
13494.000  1.923225e-02
13496.000  1.937153e-02
13498.000  1.936579e-02
13500.000  1.936005e-02
13502.000  1.935432e-02
13504.000  1.934858e-02
13506.000  1.934285e-02
13508.000  1.933713e-02
13510.000  1.933140e-02
13512.000  1.932568e-02
13514.000  1.860548e-02
13516.000  1.859997e-02
13518.000  1.859447e-02
13520.000  1.858897e-02
13522.000  1.858347e-02
13524.000  1.857798e-02
13526.000  1.857248e-02
13528.000  1.856699e-02
13530.000  1.856150e-02
13532.000  1.695093e-02
13534.000  1.694592e-02
13536.000  1.694091e-02
13538.000  1.693590e-02
13540.000  1.693090e-02
13542.000  1.692590e-02
13544.000  1.692090e-02
13546.000  1.691591e-02
13548.000  1.691091e-02
13550.000  1.690592e-02
13552.000  1.822775e-02
13554.000  1.822237e-02
13556.000  1.821699e-02
13558.000  1.821162e-02
13560.000  1.820624e-02
13562.000  1.820088e-02
13564.000  1.819551e-02
13566.000  1.819014e-02
13568.000  1.818478e-02
13570.000  1.843360e-02
13572.000  1.842817e-02
13574.000  1.842274e-02
13576.000  1.841731e-02
13578.000  1.841188e-02
13580.000  1.840646e-02
13582.000  1.840104e-02
13584.000  1.839562e-02
13586.000  1.839020e-02
13588.000  1.711641e-02
13590.000  1.711137e-02
13592.000  1.710634e-02
13594.000  1.710130e-02
13596.000  1.709627e-02
13598.000  1.709124e-02
13600.000  1.708622e-02
13602.000  1.708119e-02
13604.000  1.707617e-02
13606.000  1.820934e-02
13608.000  1.820399e-02
13610.000  1.819864e-02
13612.000  1.819329e-02
13614.000  1.818795e-02
13616.000  1.818261e-02
13618.000  1.817727e-02
13620.000  1.817193e-02
13622.000  1.816659e-02
13624.000  1.825244e-02
13626.000  1.824708e-02
13628.000  1.824172e-02
13630.000  1.823637e-02
13632.000  1.823102e-02
13634.000  1.822567e-02
13636.000  1.822032e-02
13638.000  1.821498e-02
13640.000  1.820964e-02
13642.000  1.820430e-02
13644.000  1.703715e-02
13646.000  1.703216e-02
13648.000  1.702717e-02
13650.000  1.702218e-02
13652.000  1.701719e-02
13654.000  1.701221e-02
13656.000  1.700722e-02
13658.000  1.700224e-02
13660.000  1.699727e-02
13662.000  1.876405e-02
13664.000  1.875856e-02
13666.000  1.875307e-02
13668.000  1.874758e-02
13670.000  1.874210e-02
13672.000  1.873662e-02
13674.000  1.873114e-02
13676.000  1.872566e-02
13678.000  1.872018e-02
13680.000  1.917313e-02
13682.000  1.916753e-02
13684.000  1.916193e-02
13686.000  1.915633e-02
13688.000  1.915073e-02
13690.000  1.914513e-02
13692.000  1.913954e-02
13694.000  1.913395e-02
13696.000  1.912836e-02
13698.000  1.912278e-02
13700.000  1.870365e-02
13702.000  1.869819e-02
13704.000  1.869273e-02
13706.000  1.868727e-02
13708.000  1.868182e-02
13710.000  1.867637e-02
13712.000  1.867092e-02
13714.000  1.866548e-02
13716.000  1.866003e-02
13718.000  1.846745e-02
13720.000  1.846207e-02
13722.000  1.845668e-02
13724.000  1.845131e-02
13726.000  1.844593e-02
13728.000  1.844055e-02
13730.000  1.843518e-02
13732.000  1.842981e-02
13734.000  1.842445e-02
13736.000  1.841908e-02
13738.000  1.708318e-02
13740.000  1.707820e-02
13742.000  1.707323e-02
13744.000  1.706827e-02
13746.000  1.706330e-02
13748.000  1.705834e-02
13750.000  1.705337e-02
13752.000  1.704841e-02
13754.000  1.704345e-02
13756.000  1.708998e-02
13758.000  1.708501e-02
13760.000  1.708004e-02
13762.000  1.707508e-02
13764.000  1.707012e-02
13766.000  1.706516e-02
13768.000  1.706020e-02
13770.000  1.705525e-02
13772.000  1.705029e-02
13774.000  1.704534e-02
13776.000  1.789815e-02
13778.000  1.789295e-02
13780.000  1.788776e-02
13782.000  1.788257e-02
13784.000  1.787738e-02
13786.000  1.787219e-02
13788.000  1.786701e-02
13790.000  1.786182e-02
13792.000  1.785664e-02
13794.000  1.649490e-02
13796.000  1.649011e-02
13798.000  1.648534e-02
13800.000  1.648056e-02
13802.000  1.647578e-02
13804.000  1.647101e-02
13806.000  1.646624e-02
13808.000  1.646147e-02
13810.000  1.645670e-02
13812.000  1.645193e-02
13814.000  1.761133e-02
13816.000  1.760623e-02
13818.000  1.760114e-02
13820.000  1.759604e-02
13822.000  1.759095e-02
13824.000  1.758586e-02
13826.000  1.758077e-02
13828.000  1.757569e-02
13830.000  1.757061e-02
13832.000  1.767481e-02
13834.000  1.766971e-02
13836.000  1.766460e-02
13838.000  1.765949e-02
13840.000  1.765439e-02
13842.000  1.764929e-02
13844.000  1.764419e-02
13846.000  1.763909e-02
13848.000  1.763400e-02
13850.000  1.762890e-02
13852.000  1.881261e-02
13854.000  1.880718e-02
13856.000  1.880175e-02
13858.000  1.879633e-02
13860.000  1.879090e-02
13862.000  1.878548e-02
13864.000  1.878006e-02
13866.000  1.877464e-02
13868.000  1.876923e-02
13870.000  1.928796e-02
13872.000  1.928240e-02
13874.000  1.927684e-02
13876.000  1.927129e-02
13878.000  1.926573e-02
13880.000  1.926018e-02
13882.000  1.925463e-02
13884.000  1.924908e-02
13886.000  1.924354e-02
13888.000  1.923800e-02
13890.000  1.918430e-02
13892.000  1.917877e-02
13894.000  1.917325e-02
13896.000  1.916773e-02
13898.000  1.916222e-02
13900.000  1.915670e-02
13902.000  1.915119e-02
13904.000  1.914568e-02
13906.000  1.914018e-02
13908.000  1.913467e-02
13910.000  1.898941e-02
13912.000  1.898395e-02
13914.000  1.897849e-02
13916.000  1.897304e-02
13918.000  1.896759e-02
13920.000  1.896214e-02
13922.000  1.895669e-02
13924.000  1.895124e-02
13926.000  1.894580e-02
13928.000  1.810388e-02
13930.000  1.809869e-02
13932.000  1.809349e-02
13934.000  1.808830e-02
13936.000  1.808310e-02
13938.000  1.807792e-02
13940.000  1.807273e-02
13942.000  1.806754e-02
13944.000  1.806236e-02
13946.000  1.805718e-02
13948.000  1.857347e-02
13950.000  1.856815e-02
13952.000  1.856282e-02
13954.000  1.855750e-02
13956.000  1.855218e-02
13958.000  1.854687e-02
13960.000  1.854155e-02
13962.000  1.853624e-02
13964.000  1.853093e-02
13966.000  1.852563e-02
13968.000  1.799445e-02
13970.000  1.798930e-02
13972.000  1.798415e-02
13974.000  1.797900e-02
13976.000  1.797386e-02
13978.000  1.796871e-02
13980.000  1.796357e-02
13982.000  1.795843e-02
13984.000  1.795330e-02
13986.000  1.794816e-02
13988.000  1.824126e-02
13990.000  1.823605e-02
13992.000  1.823083e-02
13994.000  1.822563e-02
13996.000  1.822042e-02
13998.000  1.821521e-02
